Time [Myr]                 MLR (Lxuv) [kg s-1]
1.000000000000000000e+00 7.163712305450260174e+05
1.008562166358395462e+00 7.126792091825557873e+05
1.017197643409537555e+00 7.089541748328232206e+05
1.025907058851777798e+00 7.053235053946345579e+05
1.034691045757918815e+00 7.017527792398657184e+05
1.043550242621240409e+00 6.981496796724606538e+05
1.052485293401905109e+00 6.945139288671717513e+05
1.061496847573776714e+00 6.909206149534095312e+05
1.070585560171615880e+00 6.873377731785966316e+05
1.079752091838698913e+00 6.837218946369183250e+05
1.088997108874847131e+00 6.800726177647953155e+05
1.098321283284845240e+00 6.765294616087027825e+05
1.107725292827294261e+00 6.730147813352510566e+05
1.117209821063883890e+00 6.694668144666498993e+05
1.126775557409066097e+00 6.658852028153239517e+05
1.136423197180176148e+00 6.624775717322948622e+05
1.146153441647970173e+00 6.590624687699796632e+05
1.155966998087607278e+00 6.556142855941187590e+05
1.165864579830048431e+00 6.521685633696315344e+05
1.175846906313911866e+00 6.489055585278803483e+05
1.185914703137776138e+00 6.456097165233618580e+05
1.196068702112908611e+00 6.422807276154798456e+05
1.206309641316467118e+00 6.390042949406000553e+05
1.216638265145154829e+00 6.358370497267693281e+05
1.227055324369317413e+00 6.326360121907336870e+05
1.237561576187522494e+00 6.294007759237403516e+05
1.248157784281595406e+00 6.262881292185500497e+05
1.258844718872140556e+00 6.232366124456122052e+05
1.269623156774511319e+00 6.201484279578271089e+05
1.280493881455283312e+00 6.170232826805802761e+05
1.291457683089210828e+00 6.142587507352893008e+05
1.302515358616648466e+00 6.114925289427770767e+05
1.313667711801486782e+00 6.086851374153322540e+05
1.324915553289583547e+00 6.061745392028425122e+05
1.336259700667674633e+00 6.043720933054498164e+05
1.347700978522810900e+00 6.024985958691089181e+05
1.359240218502292707e+00 6.005547921658593696e+05
1.370878259374130881e+00 5.968727846804261208e+05
1.382615947087999952e+00 5.923851360271833837e+05
1.394454134836734971e+00 5.878587547602896811e+05
1.406393683118359439e+00 5.832922357525583357e+05
1.418435459798615295e+00 5.786708918529344955e+05
1.430580340174055110e+00 5.740046607764363289e+05
1.442829207035675187e+00 5.692925675707601476e+05
1.455182950733066471e+00 5.648187412614776986e+05
1.467642469239143654e+00 5.606800951273596147e+05
1.480208668215412304e+00 5.565068321476947749e+05
1.492882461077811751e+00 5.522985817017554073e+05
1.505664769063090658e+00 5.483312192912751343e+05
1.518556521295780781e+00 5.444111277447099565e+05
1.531558654855741386e+00 5.404592927604623837e+05
1.544672114846256550e+00 5.364934315878305351e+05
1.557897854462741538e+00 5.326524344863011502e+05
1.571236835062038928e+00 5.287799021208022023e+05
1.584690026232278726e+00 5.248754563111754833e+05
1.598258405863369536e+00 5.211137381230418105e+05
1.611942960218072152e+00 5.175767687374574598e+05
1.625744684003703755e+00 5.140129312467147829e+05
1.639664580444420539e+00 5.104220371439250885e+05
1.653703661354150922e+00 5.068314211430886062e+05
1.667862947210152713e+00 5.032243441115128226e+05
1.682143467227169564e+00 4.995892748933334951e+05
1.696546259432256676e+00 4.959572837175497552e+05
1.711072370740225557e+00 4.924421724973563105e+05
1.725722857029757362e+00 4.888996713755591772e+05
1.740498783220131740e+00 4.853295990644225385e+05
1.755401223348643569e+00 4.819119903918352211e+05
1.770431260648685612e+00 4.785698815334702958e+05
1.785589987628463104e+00 4.752021921538803144e+05
1.800878506150419556e+00 4.718350544059426174e+05
1.816297927511338228e+00 4.687036890209607081e+05
1.831849372523099095e+00 4.655485023396997713e+05
1.847533971594160329e+00 4.623693763525059330e+05
1.863352864811736564e+00 4.593575080942192581e+05
1.879307202024647294e+00 4.564904284679027041e+05
1.895398142926912888e+00 4.536009927939840709e+05
1.911626857142043168e+00 4.506890252626971924e+05
1.927994524308069613e+00 4.478315726060525049e+05
1.944502334163270785e+00 4.449551554363768664e+05
1.961151486632660923e+00 4.420566871931276983e+05
1.977943191915224386e+00 4.390977318045223365e+05
1.994878670571857970e+00 4.360533806209218455e+05
2.011959153614109042e+00 4.329853929700270528e+05
2.029185882593645296e+00 4.298936107939582434e+05
2.046560109692519447e+00 4.268921928844784852e+05
2.064083097814162659e+00 4.238986415694957832e+05
2.081756120675195554e+00 4.208819240966429934e+05
2.099580462898024358e+00 4.143432361085573793e+05
2.117557420104193788e+00 4.088292047578794300e+05
2.135688299008576596e+00 4.033153782664928585e+05
2.153974417514366468e+00 3.978024236640011659e+05
2.172417104808852084e+00 3.915205330226785154e+05
2.191017701460049594e+00 3.847126035683366936e+05
2.209777559514134904e+00 3.779234289683916140e+05
2.228698042593744155e+00 3.712857638171194703e+05
2.247780525997061574e+00 3.683188664474937250e+05
2.267026396797805710e+00 3.653374470006596530e+05
2.286437053946062115e+00 3.623415494016041630e+05
2.306013908369947796e+00 3.573505255990542355e+05
2.325758383078180280e+00 3.500142535658081761e+05
2.345671913263528197e+00 3.427114212105218903e+05
2.365755946407106070e+00 3.354433799367639585e+05
2.386011942383607032e+00 3.310617542892574565e+05
2.406441373567409059e+00 3.271479150283544441e+05
2.427045724939618232e+00 3.232298505710122408e+05
2.447826494195983749e+00 3.192852591921253479e+05
2.468785191855773054e+00 3.152665131271321443e+05
2.489923341371585330e+00 3.112459142878131242e+05
2.511242479240060277e+00 3.072238554088867386e+05
2.532744155113582973e+00 3.030449885897007189e+05
2.554429931912913787e+00 2.987641558154728264e+05
2.576301385940816591e+00 2.944860314164055744e+05
2.598360106996607133e+00 2.902111873189435573e+05
2.620607698491724591e+00 2.857924212302291999e+05
2.643045777566302768e+00 2.813694792585285613e+05
2.665675975206679649e+00 2.769533003711054334e+05
2.688499936363971887e+00 2.725277282415211084e+05
2.711519320073655148e+00 2.680589063176381169e+05
2.734735799576129445e+00 2.635995134146095952e+05
2.758151062438353840e+00 2.591502148574284220e+05
2.781766810676535862e+00 2.562426347850161837e+05
2.805584760879811679e+00 2.543870845972668321e+05
2.829606644335043608e+00 2.525206388434664987e+05
2.853834207152655456e+00 2.506366336427551869e+05
2.878269210393575861e+00 2.457869211630688224e+05
2.902913430197213263e+00 2.409557406826110091e+05
2.927768657910576167e+00 2.361439267642882478e+05
2.952836700218502308e+00 2.323696998523550865e+05
2.978119379274948297e+00 2.302890020776076999e+05
3.003618532835462318e+00 2.282007419832673331e+05
3.029336014390752840e+00 2.261049962733557622e+05
3.055273693301444826e+00 2.241639058550940535e+05
3.081433454933920846e+00 2.222791945214915613e+05
3.107817200797383883e+00 2.203865522467179690e+05
3.134426848682093869e+00 2.184197462929472676e+05
3.161264332798730869e+00 2.135604997912786494e+05
3.188331603919009272e+00 2.087270417199998046e+05
3.215630629517493233e+00 2.039203555491524457e+05
3.243163393914573867e+00 1.998931936553794076e+05
3.270931898420722295e+00 1.976934185788975155e+05
3.298938161481982601e+00 1.954900327471937344e+05
3.327184218826650053e+00 1.932832303176558926e+05
3.355672123613271829e+00 1.910930931169630785e+05
3.384403946579871647e+00 1.889179897506318521e+05
3.413381776194498229e+00 1.867399997634330648e+05
3.442607718806991457e+00 1.845593333111534012e+05
3.472083898802105661e+00 1.823910414213838230e+05
3.501812458753955415e+00 1.802263933684727235e+05
3.531795559581708766e+00 1.780596298325531534e+05
3.562035380706689125e+00 1.758909571536284348e+05
3.592534120210783222e+00 1.736453725070112268e+05
3.623293994996239498e+00 1.713868386765411415e+05
3.654317240946772127e+00 1.691279883177881129e+05
3.685606113090103442e+00 1.668697216871098499e+05
3.717162885761899904e+00 1.646202348277079873e+05
3.748989852771046571e+00 1.623711770927177276e+05
3.781089327566408365e+00 1.601228202764091839e+05
3.813463643404977788e+00 1.578863441908644163e+05
3.846115153521503682e+00 1.556830624869751045e+05
3.879046231299500658e+00 1.534808989972008858e+05
3.912259270443785297e+00 1.512801037832474394e+05
3.945756685154500065e+00 1.491124397668466263e+05
3.979540910302543644e+00 1.469935743914372288e+05
4.013614401606586668e+00 1.448761053838091902e+05
4.047979635811593369e+00 1.427603036117991724e+05
4.082639110868809595e+00 1.416690853015560424e+05
4.117595346117351340e+00 1.416684564542871958e+05
4.152850882467362226e+00 1.416617805908053124e+05
4.188408282584657805e+00 1.416488776117465750e+05
4.224270131077028090e+00 1.404303840741034364e+05
4.260439034682101500e+00 1.380205997641199210e+05
4.296917622456851049e+00 1.356165102335801057e+05
4.333708545968647741e+00 1.332184916806458787e+05
4.370814479488022819e+00 1.309315215513457078e+05
4.408238120183082032e+00 1.287410848274935415e+05
4.445982188315509731e+00 1.265552242132502579e+05
4.484049427438330682e+00 1.243742773550697311e+05
4.522442604595315885e+00 1.235102378498452308e+05
4.561164510522155879e+00 1.235384485556392465e+05
4.600217959849255855e+00 1.235619330084228277e+05
4.639605791306354199e+00 1.235805451852741098e+05
4.679330867928894300e+00 1.217621879275633983e+05
4.719396077266075906e+00 1.191167699782961572e+05
4.759804331590776982e+00 1.164836749718257342e+05
4.800558568111268798e+00 1.138634050521004829e+05
4.841661749184657637e+00 1.117552941178097826e+05
4.883116862532245861e+00 1.097707331645391387e+05
4.924926921456733275e+00 1.077912853535780305e+05
4.967094965061185974e+00 1.058172539898925461e+05
5.009624058469988483e+00 1.053695345459000382e+05
5.052517293051618452e+00 1.049761930710533779e+05
5.095777786643394869e+00 1.045786543377216294e+05
5.139408683778052378e+00 1.039635636664009653e+05
5.183413155912330872e+00 1.021338531166165631e+05
5.227794401657547496e+00 1.003084964836027939e+05
5.272555647012027613e+00 9.848777711370032921e+04
5.317700145595641636e+00 9.726697855629755941e+04
5.363231178886285200e+00 9.706411901841642975e+04
5.409152056458442104e+00 9.685772356461350864e+04
5.455466116223695927e+00 9.664772860684666375e+04
5.502176724673381258e+00 9.548492809399776161e+04
5.549287277123326589e+00 9.374786793374510307e+04
5.596801197960582286e+00 9.201532446862533106e+04
5.644721940892376999e+00 9.028757590335790883e+04
5.693052989197181724e+00 8.878446323184316861e+04
5.741797855977847753e+00 8.730565730870800326e+04
5.790960084416997056e+00 8.582944150737143354e+04
5.840543248034602897e+00 8.465715958322997903e+04
5.890550950947678999e+00 8.445119582737248857e+04
5.940986828132296615e+00 8.424246058211714262e+04
5.991854545687789191e+00 8.403091104371937399e+04
6.043157801103275162e+00 8.310282058108989440e+04
6.094900323526356800e+00 8.169333084061533737e+04
6.147085874034214470e+00 8.028632188335400133e+04
6.199718245907038572e+00 7.888200731948389148e+04
6.252801264903673939e+00 7.899089036967542779e+04
6.306338789539764456e+00 7.910366352288788767e+04
6.360334711368192728e+00 7.921504637319379253e+04
6.414792955262003993e+00 7.862580521315964870e+04
6.469717479699619744e+00 7.711135560224151413e+04
6.525112277052613763e+00 7.560100223568848742e+04
6.580981373875946616e+00 7.409499982967526012e+04
6.637328831200573376e+00 7.289779125350812683e+04
6.694158744828687446e+00 7.173383520947657235e+04
6.751475245631404221e+00 7.057114088639697002e+04
6.809282499849088843e+00 6.999726276265375782e+04
6.867584709394107811e+00 7.025537363896705210e+04
6.926386112156298402e+00 7.051364614854421234e+04
6.985690982311060004e+00 7.077203142573974037e+04
7.045503630629950109e+00 6.945007533570234955e+04
7.105828404794068298e+00 6.807547511836586636e+04
7.166669689710126079e+00 6.670453456580825150e+04
7.228031907829095104e+00 6.551865723172569415e+04
7.289919519467702003e+00 6.448038178382546175e+04
7.352337023132698768e+00 6.344286057378859550e+04
7.415288955847750607e+00 6.242594837991239183e+04
7.478779893483291197e+00 6.149689639836518472e+04
7.542814451089102867e+00 6.056803412060121627e+04
7.607397283229836660e+00 5.963947743844732031e+04
7.672533084323255537e+00 5.960534293322856684e+04
7.738226588981508058e+00 5.972166899480090797e+04
7.804482572355325942e+00 5.983786005304157879e+04
7.871305850481030930e+00 5.933963568252482946e+04
7.938701280630660051e+00 5.836544621886752429e+04
8.006673761665009437e+00 5.739193084941357665e+04
8.075228234389784987e+00 5.646107391476851626e+04
8.144369681914643166e+00 5.562194773193255969e+04
8.214103130015450560e+00 5.478269877056767291e+04
8.284433647499659159e+00 5.395197904175519216e+04
8.355366346574639280e+00 5.319333307537145447e+04
8.426906383219332497e+00 5.243419300397311599e+04
8.499058957559080696e+00 5.167464251070283353e+04
8.571829314243512243e+00 5.192412033545175655e+04
8.645222742827819218e+00 5.224178400561090530e+04
8.719244578157294256e+00 5.256167155689173524e+04
8.793900200755013330e+00 5.186652822387222841e+04
8.869195037213005506e+00 5.093739326435992552e+04
8.945134560586659234e+00 5.000889554318734736e+04
9.021724290792635159e+00 4.923010751678761881e+04
9.098969795009978156e+00 4.850657881402511703e+04
9.176876688084849576e+00 4.778242514975005179e+04
9.255450632938712729e+00 4.710830732825778978e+04
9.334697340979849045e+00 4.645665145723575552e+04
9.414622572518590360e+00 4.580407820863911911e+04
9.495232137185981358e+00 4.518993066362562968e+04
9.576531894356151042e+00 4.459301855011747102e+04
9.658527753572107244e+00 4.399500575453535566e+04
9.741225674975350302e+00 4.342185881975334632e+04
9.824631669739160245e+00 4.285766367088174593e+04
9.908751800505427809e+00 4.229225876012792287e+04
9.993592181825405873e+00 4.175165543705392338e+04
1.007915898060413440e+01 4.121630534965875995e+04
1.016545841654878046e+01 4.067964641048145131e+04
1.025249676262060206e+01 4.083478601401732158e+04
1.034028034549107034e+01 4.105308382515062840e+04
1.042881554600161209e+01 4.120928446706695831e+04
1.051810879962749823e+01 4.065048970714651659e+04
1.060816659694558872e+01 4.009027215910912491e+04
1.069899548410621115e+01 3.954394507108480320e+04
1.079060206330884775e+01 3.903454507313934300e+04
1.088299299328212300e+01 3.852356671373829158e+04
1.097617498976785555e+01 3.802984902878371940e+04
1.107015482600910516e+01 3.755128677088883705e+04
1.116493933324258947e+01 3.707103670353034249e+04
1.126053540119518281e+01 3.661719759730293299e+04
1.135694997858481692e+01 3.616803589773357817e+04
1.145419007362543340e+01 3.572118117827545939e+04
1.155226275453647489e+01 3.529823190479199548e+04
1.165117515005671045e+01 3.487337760684859677e+04
1.175093444996229941e+01 3.446088768989063101e+04
1.185154790558947546e+01 3.406044321175322693e+04
1.195302283036160063e+01 3.365789183917202172e+04
1.205536660032085550e+01 3.327463197078600206e+04
1.215858665466422117e+01 3.289134793873558374e+04
1.226269049628442254e+01 3.251263053448302162e+04
1.236768569231512416e+01 3.214407025326691655e+04
1.247357987468107154e+01 3.177324535841931720e+04
1.258038074065282608e+01 3.141759401745234936e+04
1.268809605340622149e+01 3.106313609063470358e+04
1.279673364258678703e+01 3.071492482184983237e+04
1.290630140487866306e+01 3.037938187958376511e+04
1.301680730457882795e+01 3.004157550934582832e+04
1.312825937417580668e+01 2.971920278560823135e+04
1.324066571493366595e+01 2.939590698542907921e+04
1.335403449748080185e+01 2.908215580763649996e+04
1.346837396240398554e+01 2.877684968359461345e+04
1.358369242084716788e+01 2.847299126523460291e+04
1.369999825511570890e+01 2.818613475585291962e+04
1.381729991928573753e+01 2.789693775109244234e+04
1.393560593981850282e+01 2.762457752174360212e+04
1.405492491618027273e+01 2.735355196493656331e+04
1.417526552146733820e+01 2.709110116556764478e+04
1.429663650303656652e+01 2.683530343627716866e+04
1.441904668314104576e+01 2.658421992757394764e+04
1.454250495957156808e+01 2.634813473378883646e+04
1.466702030630321119e+01 2.611130670670625841e+04
1.479260177414774091e+01 2.589650737311265766e+04
1.491925849141149030e+01 2.567907218489571824e+04
1.504699966455882709e+01 2.548789990987838974e+04
1.517583457888150100e+01 2.529794016121480672e+04
1.530577259917334310e+01 2.523333140256302431e+04
1.543682317041123397e+01 2.521373314723869771e+04
1.556899581844142766e+01 2.460756374414429956e+04
1.570230015067208562e+01 2.363813887807861465e+04
1.583674585677156621e+01 2.308594605049305392e+04
1.597234270937287270e+01 2.289831315492118665e+04
1.610910056478382657e+01 2.271989383271083352e+04
1.624702936370359652e+01 2.255200843636106219e+04
1.638613913194535954e+01 2.240175969701648501e+04
1.652643998116488788e+01 2.227315976933618367e+04
1.666794210959566058e+01 2.191058147114903841e+04
1.681065580279008742e+01 2.128166270468684525e+04
1.695459143436730187e+01 2.090998269948854795e+04
1.709975946676697944e+01 2.079018947891402786e+04
1.724617045200994880e+01 2.069673386363833197e+04
1.739383503246530438e+01 2.062281297184302457e+04
1.754276394162375752e+01 2.022977697537977656e+04
1.769296800487800070e+01 1.967229105160216568e+04
1.784445814030949862e+01 1.950481545863331849e+04
1.799724535948224968e+01 1.944470037209550355e+04
1.815134076824296017e+01 1.954048003087052712e+04
1.830675556752857958e+01 1.957769031143778557e+04
1.846350105418024157e+01 1.895805164240336671e+04
1.862158862176454122e+01 1.839069409595146499e+04
1.878102976140165481e+01 1.795369432003734619e+04
1.894183606260074981e+01 1.775006673519271135e+04
1.910401921410219472e+01 1.777182754710816153e+04
1.926759100472727937e+01 1.747062878899263524e+04
1.943256332423527510e+01 1.707003282226359079e+04
1.959894816418742991e+01 1.723134007663482043e+04
1.976675761881877591e+01 1.720977583707159283e+04
1.993600388591713823e+01 1.676221397190972129e+04
2.010669926770997762e+01 1.637609589859657353e+04
2.027885617175833843e+01 1.602716238724389586e+04
2.045248711185886847e+01 1.571903794759037191e+04
2.062760470895354104e+01 1.541909732056185567e+04
2.080422169204681992e+01 1.513981682604997332e+04
2.098235089913106322e+01 1.487472197571777178e+04
2.116200527811960796e+01 1.463610412428600466e+04
2.134319788778810789e+01 1.493981139529105712e+04
2.152594189872345964e+01 1.477720305538210050e+04
2.171025059428148296e+01 1.401330177680994530e+04
2.189613737155217521e+01 1.373895186800182455e+04
2.208361574233368430e+01 1.354903239581084563e+04
2.227269933411442437e+01 1.337451012018110669e+04
2.246340189106359020e+01 1.321883547596196331e+04
2.265573727503037205e+01 1.307735989101779887e+04
2.284971946655123176e+01 1.297351903865003624e+04
2.304536256586651177e+01 1.261350575827117063e+04
2.324268079394499864e+01 1.218625811717754004e+04
2.344168849351783734e+01 1.203990641936315660e+04
2.364240013012097563e+01 1.182714275048393210e+04
2.384483029314682057e+01 1.154628117389840736e+04
2.404899369690444644e+01 1.133381633791969398e+04
2.425490518168929555e+01 1.136913498802361210e+04
2.446257971486202720e+01 1.109214845926926500e+04
2.467203239193618458e+01 1.104612487491808679e+04
2.488327843767566350e+01 1.075495236126153031e+04
2.509633320720126548e+01 1.020894282052870039e+04
2.531121218710704568e+01 1.001743108291295721e+04
2.552793099658570242e+01 9.849742445232546743e+03
2.574650538856405291e+01 9.919144656442202177e+03
2.596695125084826472e+01 9.200639676542445159e+03
2.618928460727837049e+01 9.195658969003552556e+03
2.641352161889325245e+01 8.974895178443186524e+03
2.663967858510523357e+01 8.511431498331054172e+03
2.686777194488508513e+01 8.432351093979654252e+03
2.709781827795656639e+01 8.439220688274559507e+03
2.732983430600199881e+01 7.858149082651969366e+03
2.756383689387737235e+01 7.622549592566757383e+03
2.779984305083842600e+01 7.362643804821454978e+03
2.803786993177692821e+01 7.378881937341874618e+03
2.827793483846785350e+01 7.026064810546368790e+03
2.852005522082668421e+01 6.738390697383008046e+03
2.876424867817796738e+01 6.591707311853715510e+03
2.901053296053478192e+01 6.324780098957892733e+03
2.925892596988859395e+01 6.327121617805055394e+03
2.950944576151075438e+01 6.108934613420613459e+03
2.976211054526479671e+01 5.707553021685686872e+03
3.001693868693030609e+01 5.658825427909742757e+03
3.027394870953756367e+01 5.548458899274297437e+03
3.053315929471408907e+01 5.321144473026336527e+03
3.079458928404281792e+01 5.056692161469836719e+03
3.105825768043125379e+01 5.022798458951355315e+03
3.132418364949301548e+01 4.996446108966715656e+03
3.159238652094084188e+01 4.753262824043483306e+03
3.186288578999186782e+01 4.761300733340284751e+03
3.213570111878426161e+01 4.643277385584405238e+03
3.241085233780696484e+01 4.453633083756866654e+03
3.268835944734065890e+01 4.424340858050183670e+03
3.296824261891181607e+01 4.337193330464225255e+03
3.325052219675887955e+01 4.271263058502436252e+03
3.353521869931098109e+01 4.303278924077111697e+03
3.382235282067965443e+01 4.289210864231715277e+03
3.411194543216259234e+01 4.137208044733567476e+03
3.440401758376127361e+01 4.133870805450633270e+03
3.469859050571059100e+01 4.150562489638063198e+03
3.499568561002232769e+01 4.168109161308232615e+03
3.529532449204137379e+01 4.190145671704214692e+03
3.559752893201577706e+01 4.213399768654740001e+03
3.590232089667949111e+01 4.096389835979201962e+03
3.620972254084928466e+01 3.977962659884271943e+03
3.651975620903537134e+01 3.994406965687855518e+03
3.683244443706518467e+01 4.010502141422410659e+03
3.714780995372169059e+01 4.030897952836694003e+03
3.746587568239543486e+01 4.052546167769325166e+03
3.778666474275106424e+01 4.074182120281046082e+03
3.811020045240734078e+01 4.101602997704068912e+03
3.843650632863264605e+01 4.129142758357405910e+03
3.876560609005391456e+01 4.156798799361731653e+03
3.909752365838098598e+01 4.174969877838932007e+03
3.943228316014534585e+01 4.167280718948431968e+03
3.976990892845378056e+01 4.159529535892090280e+03
4.011042550475743695e+01 4.151715855323860524e+03
4.045385764063510692e+01 4.205059910648872574e+03
4.080023029959307479e+01 4.274757672206170355e+03
4.114956865887903348e+01 4.345383195891462492e+03
4.150189811131257045e+01 4.321473128617206385e+03
4.185724426713071722e+01 4.273614560882826481e+03
4.221563295584988396e+01 4.225519395266878746e+03
4.257709022814283628e+01 4.199553348356833339e+03
4.294164235773251193e+01 4.190814126778514037e+03
4.330931584330213724e+01 4.181998290341822212e+03
4.368013741042078379e+01 4.173771165570284211e+03
4.405413401348637592e+01 4.172430553109576067e+03
4.443133283768480624e+01 4.171074169448871544e+03
4.481176130096629606e+01 4.169701808274237919e+03
4.519544705603787094e+01 4.173999918176341453e+03
4.558241799237362812e+01 4.189552925262280951e+03
4.597270223824224900e+01 4.205270308026425482e+03
4.636632816275105284e+01 4.221154036757779068e+03
4.676332437790848218e+01 4.233369881308764889e+03
4.716371974070364814e+01 4.237055717233413816e+03
4.756754335520429322e+01 4.240774487322458299e+03
4.797482457467164352e+01 4.244526495131470256e+03
4.838559300369480809e+01 4.261895677426394286e+03
4.879987850034206076e+01 4.287134406119193955e+03
4.921771117833147002e+01 4.312657480766933986e+03
4.963912140921970462e+01 4.338468530284013468e+03
5.006413982461003087e+01 4.349040554366356446e+03
5.049279731837830809e+01 4.358126173747758912e+03
5.092512504891890046e+01 4.367300551725274090e+03
5.136115444140983044e+01 4.376892788080898754e+03
5.180091719009642048e+01 4.386950998071071808e+03
5.224444526059549077e+01 4.397107884453917904e+03
5.269177089221868471e+01 4.407364512487335560e+03
5.314292660031632209e+01 4.344532331123957192e+03
5.359794517864023078e+01 4.263758412995546678e+03
5.405685970172779520e+01 4.182761864438210068e+03
5.451970352730643299e+01 4.173886913473024833e+03
5.498651029871762574e+01 4.196056261974038534e+03
5.545731394736286290e+01 4.218465931098852707e+03
5.593214869516983612e+01 4.228078950800932944e+03
5.641104905708039041e+01 4.233337214831251003e+03
5.689404984355859796e+01 4.238644385147949833e+03
5.738118616312198128e+01 4.244007372125278380e+03
5.787249342489269566e+01 4.249422929771087183e+03
5.836800734117176859e+01 4.254888911641878622e+03
5.886776393003492558e+01 4.260564166959224167e+03
5.937179951795051380e+01 4.266311242815745572e+03
5.988015074242051128e+01 4.275019715554892173e+03
6.039285455464278130e+01 4.308156156455148448e+03
6.090994822219801108e+01 4.341676903209322518e+03
6.143146933175772517e+01 4.363165379703416875e+03
6.195745579181689777e+01 4.375792909679338663e+03
6.248794583544923142e+01 4.388656604110669832e+03
6.302297802308675045e+01 4.405127746067548287e+03
6.356259124532191862e+01 4.421767055626736692e+03
6.410682472573492419e+01 4.371719914400388916e+03
6.465571802374516608e+01 4.262121556255279756e+03
6.520931103748597479e+01 4.166337988273455267e+03
6.576764400670528232e+01 4.170894551766960831e+03
6.633075751569028000e+01 4.175493023904676193e+03
6.689869249621800407e+01 4.180042501342363721e+03
6.747149023052962491e+01 4.184611693838701285e+03
6.804919235433226277e+01 4.189147090131921686e+03
6.863184085982450711e+01 4.193658034145827514e+03
6.921947809874924928e+01 4.204454598463607908e+03
6.981214678547205210e+01 4.228993088585719306e+03
7.040989000008582366e+01 4.249810609442423811e+03
7.101275119154288973e+01 4.255211337380956138e+03
7.162077418081207725e+01 4.260570458817407598e+03
7.223400316406525690e+01 4.265593646566196185e+03
7.285248271588883995e+01 4.270663074979504927e+03
7.347625779252440736e+01 4.275624944320831673e+03
7.410537373513621162e+01 4.280590056284547245e+03
7.473987627310751236e+01 4.285600791240430226e+03
7.537981152736374213e+01 4.290582971406936849e+03
7.602522601372537281e+01 4.295402420986061770e+03
7.667616664628950218e+01 4.300266006408699468e+03
7.733268074083908061e+01 4.305174156129054609e+03
7.799481601828281896e+01 4.310127302352098923e+03
7.866262060812364609e+01 4.315078199249636782e+03
7.933614305195774818e+01 4.319846565051731886e+03
8.001543230700205811e+01 4.324658484284299448e+03
8.070053774965336402e+01 4.329514378095047505e+03
8.139150917907787175e+01 4.334414671897084190e+03
8.208839682082999900e+01 4.339359793265754888e+03
8.279125133050392549e+01 4.344350176930660382e+03
8.350012379741525592e+01 4.349386261257784099e+03
8.421506574831533953e+01 4.354926997482562001e+03
8.493612915113544659e+01 4.360553600131496751e+03
8.566336641876561941e+01 4.366231896108057299e+03
8.639683041286328091e+01 4.371962390888215850e+03
8.713657444769630445e+01 4.377745592569042856e+03
8.788265229401800127e+01 4.383582016589468367e+03
8.863511818297639877e+01 4.389472181856137468e+03
8.939402681005508100e+01 4.395416613906504608e+03
9.015943333904944268e+01 4.401415844164359441e+03
9.093139340607704924e+01 4.407470409977360760e+03
9.170996312362058234e+01 4.394606335955105351e+03
9.249519908460733575e+01 4.377977885870430327e+03
9.328715836652244775e+01 4.361225035548458436e+03
9.408589853555859861e+01 4.344347063187797175e+03
9.489147765079916041e+01 4.327343241156040676e+03
9.570395426843906250e+01 4.310212853125818583e+03
9.652338744604170984e+01 4.292955177425000329e+03
9.734983674683056165e+01 4.275569491530204687e+03
9.818336224401956258e+01 4.258055078637497900e+03
9.902402452517925724e+01 4.240411221609269887e+03
9.987188469664167201e+01 4.222637205350890326e+03
1.007270043879405961e+02 4.204732317085740760e+03
1.015894457562929745e+02 4.186695844546004992e+03
1.024592714911155440e+02 4.172502734972615144e+03
1.033365448185824533e+02 4.178533562880255886e+03
1.042213295062209539e+02 4.184619927705976806e+03
1.051136898675459292e+02 4.190762372185861750e+03
1.060136907667370707e+02 4.196961444519383804e+03
1.069213976233489234e+02 4.203217699095205717e+03
1.078368764170721903e+02 4.209531697220264505e+03
1.087601936925248793e+02 4.215904005090704231e+03
1.096914165640915968e+02 4.222335195209227095e+03
1.106306127208013947e+02 4.228825845734712857e+03
1.115778504312476542e+02 4.235376542596677609e+03
1.125331985485521500e+02 4.241987876773081553e+03
1.134967265153672002e+02 4.248660446406478513e+03
1.144685043689250818e+02 4.255394855463287968e+03
1.154486027461285289e+02 4.262191713775328026e+03
1.164370928886851999e+02 4.269051640553087964e+03
1.174340466482860421e+02 4.275975258188305816e+03
1.184395364918277522e+02 4.282963199239738969e+03
1.194536355066820335e+02 4.289676408830959190e+03
1.204764174060053676e+02 4.293911717288513501e+03
1.215079565340990655e+02 4.296443886326650500e+03
1.225483278718127167e+02 4.298944703506223050e+03
1.235976070419943653e+02 4.301338181596756840e+03
1.246558703149874958e+02 4.303661549635075062e+03
1.257231946141744743e+02 4.307031354848468254e+03
1.267996575215699551e+02 4.327168876362303308e+03
1.278853372834572042e+02 4.347514513499995701e+03
1.289803128160776566e+02 4.368070641313391206e+03
1.300846637113668010e+02 4.382727502550014833e+03
1.311984702427394609e+02 4.386696259729186750e+03
1.323218133709247581e+02 4.390700837978597519e+03
1.334547747498506283e+02 4.394741574974530522e+03
1.345974367325810590e+02 4.398818813632767160e+03
1.357498823772990022e+02 4.402894734823641556e+03
1.369121954533460439e+02 4.405696481554932689e+03
1.380844604473107324e+02 4.408523209044748910e+03
1.392667625691698845e+02 4.411375149070186126e+03
1.404591877584822726e+02 4.414252534408556130e+03
1.416618226906348923e+02 4.417155600776162828e+03
1.428747547831456473e+02 4.420084586356273576e+03
1.440980722020138671e+02 4.423039731326115543e+03
1.453318638681316202e+02 4.426245799043659645e+03
1.465762194637462130e+02 4.429748822730188294e+03
1.478312294389788804e+02 4.433283293274449534e+03
1.490969850184021652e+02 4.436849505610624874e+03
1.503735782076643090e+02 4.440447756840312650e+03
1.516611018001854916e+02 4.444078347373174438e+03
1.529596493838962203e+02 4.447741580659806459e+03
1.542693153480429942e+02 4.451437762924121671e+03
1.555901948900486786e+02 4.455167204307242173e+03
1.569223840224318280e+02 4.458930216906760506e+03
1.582659795797885351e+02 4.462727117050778361e+03
1.596210792258244453e+02 4.445755035206089815e+03
1.609877814604625712e+02 4.427394563844288314e+03
1.623661856269960424e+02 4.408899192713221055e+03
1.637563919193125059e+02 4.390268187960573414e+03
1.651585013891762515e+02 4.371500821434940917e+03
1.665726159535729494e+02 4.352596366958071485e+03
1.679988384021205547e+02 4.333554101970456031e+03
1.694372724045367136e+02 4.314373303842938185e+03
1.708880225181771095e+02 4.295053255541852195e+03
1.723511941956349744e+02 4.275593241955860321e+03
1.738268937924061106e+02 4.255992552897848327e+03
1.753152285746198231e+02 4.236250480790644360e+03
1.768163067268351085e+02 4.216366323676492357e+03
1.783302373599073576e+02 4.196339380280999649e+03
1.798571305189150280e+02 4.194153220544977557e+03
1.813970971911616061e+02 4.197874141372051781e+03
1.829502493142423418e+02 4.201628606861761000e+03
1.845166997841808154e+02 4.205416933686402444e+03
1.860965624636350526e+02 4.209239441332605566e+03
1.876899521901734715e+02 4.213096452601041165e+03
1.892969847846250104e+02 4.216988293865460037e+03
1.909177770594936021e+02 4.220915294605640156e+03
1.925524468274520302e+02 4.224877787424145936e+03
1.942011129099047650e+02 4.228876109033593821e+03
1.958638951456248947e+02 4.232910598820073574e+03
1.975409143994650663e+02 4.236981600316357799e+03
1.992322925711420112e+02 4.241089460007402522e+03
2.009381526041006509e+02 4.245234528076895913e+03
2.026586184944455908e+02 4.249417158669953096e+03
2.043938152999576232e+02 4.253637709183629340e+03
2.061438691491830184e+02 4.257896540772617300e+03
2.079089072506007483e+02 4.262194018856720504e+03
2.096890579018734684e+02 4.265888323831143680e+03
2.114844504991636711e+02 4.267631039632765351e+03
2.132952155465513044e+02 4.269389116339146312e+03
2.151214846655107067e+02 4.271162693250860684e+03
2.169633906044818161e+02 4.272951910577091439e+03
2.188210672485189150e+02 4.274756910216649885e+03
2.206946496290214554e+02 4.276577835374046117e+03
2.225842739335538454e+02 4.278414830466542298e+03
2.244900775157346686e+02 4.280268041420227746e+03
2.264121989052334811e+02 4.282137615480167369e+03
2.283507778178301919e+02 4.284023701312260528e+03
2.303059551655754547e+02 4.285926449105302709e+03
2.322778730670322602e+02 4.287846010283850774e+03
2.342666748576054943e+02 4.289782537902348849e+03
2.362725050999654002e+02 4.291736186358159102e+03
2.382955095945451660e+02 4.293707111688702753e+03
2.403358353901522548e+02 4.295695471284472660e+03
2.423936307946466684e+02 4.297701424089040302e+03
2.444690453857259058e+02 4.299725130604421793e+03
2.465622300217966085e+02 4.301766752799008827e+03
2.486733368529392010e+02 4.303826454405704681e+03
2.508025193319713537e+02 4.305904400342168628e+03
2.529499322255963705e+02 4.308000757594710194e+03
2.551157316256567640e+02 4.310111858285020389e+03
2.573000749604794350e+02 4.312066181327822960e+03
2.595031210063186222e+02 4.314037785585522215e+03
2.617250298988975601e+02 4.316026828659173589e+03
2.639659631450468282e+02 4.318033469420107394e+03
2.662260836344487984e+02 4.320057868462903571e+03
2.685055556514710133e+02 4.322100187842183914e+03
2.708045448871123426e+02 4.324160590988404692e+03
2.731232184510453180e+02 4.326239243251103289e+03
2.754617448837635720e+02 4.328336311277335881e+03
2.778202941688322198e+02 4.330451963555282418e+03
2.801990377452429470e+02 4.332586369971788372e+03
2.825981485198800556e+02 4.334739702356642738e+03
2.850178008800818361e+02 4.336912133950340831e+03
2.874581707063210843e+02 4.339103839679400153e+03
2.899194353849886738e+02 4.341314996342389350e+03
2.924017738212869517e+02 4.343545782257131577e+03
2.949053664522347731e+02 4.345796377716419556e+03
2.974303952597811076e+02 4.348066964455512789e+03
2.999770437840386421e+02 4.350357726198155433e+03
3.025454971366173140e+02 4.352668848393886037e+03
3.051359420140844350e+02 4.355000518404947798e+03
3.077485667115347496e+02 4.357352925243474601e+03
3.103835611362753752e+02 4.359726259848686823e+03
3.130411168216365922e+02 4.362120715094425577e+03
3.157214269408800646e+02 4.364536485616515165e+03
3.184246863212578660e+02 4.366973768090700105e+03
3.211510914581603515e+02 4.369432761060245866e+03
3.239008405294054000e+02 4.371930307216463916e+03
3.266741334096422520e+02 4.374869545750695579e+03
3.294711716848789251e+02 4.377835127160864431e+03
3.322921586671416776e+02 4.380827297407580772e+03
3.351372994092387216e+02 4.383846304870223321e+03
3.380068007196839517e+02 4.386892400570709469e+03
3.409008711777148619e+02 4.389965837973046291e+03
3.438197211484604736e+02 4.393066872888892249e+03
3.467635627982306232e+02 4.396195764127033726e+03
3.497326101099375819e+02 4.399352772655845001e+03
3.527270788986547245e+02 4.402538162359666785e+03
3.557471868272958204e+02 4.405752199626417678e+03
3.587931534224423444e+02 4.408995153679717077e+03
3.618652000902985719e+02 4.412267296379372965e+03
3.649635501327857128e+02 4.415568902234613233e+03
3.680884287637732655e+02 4.418900248844158341e+03
3.712400631254475343e+02 4.422261616164036241e+03
3.744186823048288488e+02 4.425653287481274674e+03
3.776245173504139530e+02 4.429075548682076260e+03
3.808578012889769866e+02 4.432528688479455923e+03
3.841187691425059256e+02 4.436012998748642531e+03
3.874076579452861324e+02 4.439528774328977306e+03
3.907247067611300508e+02 4.443076313039341585e+03
3.940701567007524773e+02 4.446655915479776013e+03
3.974442509393032879e+02 4.450267885689422656e+03
4.008472347340334068e+02 4.453912530735073233e+03
4.042793554421290310e+02 4.457590160727676448e+03
4.077408625386893846e+02 4.461301089053386931e+03
4.112320076348613043e+02 4.465045632283689883e+03
4.147530444961279272e+02 4.468824110300211942e+03
4.183042290607530163e+02 4.472636846205181428e+03
4.218858194583914951e+02 4.476484166446884046e+03
4.254980760288422061e+02 4.480366400838081063e+03
4.291412613409783035e+02 4.478870288165206148e+03
4.328156402118314645e+02 4.474009221565626831e+03
4.365214797258405497e+02 4.469106276915922535e+03
4.402590492542661309e+02 4.464161093951982366e+03
4.440286204747683314e+02 4.459173309782780962e+03
4.478304673911621308e+02 4.454142558099616508e+03
4.516648663533232479e+02 4.449068469576319330e+03
4.555320960772828585e+02 4.443950672004975786e+03
4.594324376654851108e+02 4.438788789770166659e+03
4.633661746272181858e+02 4.433582444381994719e+03
4.673335928992316894e+02 4.428331253818198093e+03
4.713349808664996203e+02 4.423034833189902201e+03
4.753706293832096321e+02 4.417692794348791722e+03
4.794408317938838877e+02 4.412304745759034631e+03
4.835458839547105185e+02 4.406870292634159341e+03
4.876860842550481721e+02 4.401389037074192856e+03
4.918617336391122876e+02 4.395860577805769026e+03
4.960731356278611202e+02 4.390284509922409597e+03
5.003205963410356958e+02 4.384660425551821390e+03
5.046044245194393056e+02 4.378987913199395734e+03
5.089249315473570618e+02 4.373266558151116442e+03
5.132824314752004966e+02 4.367495941949882763e+03
5.176772410423328665e+02 4.361675643196192141e+03
5.221096797000903962e+02 4.355805236362685719e+03
5.265800696350111139e+02 4.349884292992712290e+03
5.310887357922415504e+02 4.343912380647714599e+03
5.356360058991646156e+02 4.337889063709077163e+03
5.402222104892197194e+02 4.331813902723300998e+03
5.448476829259284386e+02 4.325686454807091650e+03
5.495127594271266389e+02 4.319506273257994508e+03
5.542177790894003238e+02 4.313272907827566087e+03
5.589630839127441959e+02 4.310848999253885268e+03
5.637490188254067789e+02 4.316167337652066635e+03
5.685759317089721208e+02 4.321535095373016702e+03
5.734441734236440880e+02 4.326952763365929059e+03
5.783540978337497336e+02 4.332420838086704862e+03
5.833060618334620813e+02 4.337939821425748050e+03
5.883004253727382320e+02 4.343510220859024230e+03
5.933375514834943942e+02 4.349132549265135822e+03
5.984178063059791839e+02 4.354807325412558384e+03
6.035415591153969217e+02 4.360535073778504739e+03
6.087091823487482998e+02 4.366316324591293778e+03
6.139210516319011504e+02 4.372151614097301717e+03
6.191775458068944999e+02 4.378041484381266855e+03
6.244790469594736351e+02 4.383986483634985234e+03
6.298259404468727780e+02 4.389851834112883807e+03
6.352186149258117212e+02 4.395757255475283273e+03
6.406574623807561011e+02 4.401717890371249268e+03
6.461428781524076612e+02 4.407734292892533631e+03
6.516752609664408737e+02 4.413807023328187825e+03
6.572550129624863757e+02 4.419936648321213397e+03
6.628825397233578087e+02 4.426123740696551977e+03
6.685582503045447993e+02 4.432368879949133770e+03
6.742825572639301299e+02 4.438672651853559728e+03
6.800558766917881712e+02 4.445035648733826747e+03
6.858786282410277408e+02 4.451458469734994651e+03
6.917512351576925766e+02 4.457941720875769533e+03
6.976741243117411386e+02 4.464486014549289393e+03
7.036477262280432114e+02 4.471091970570679223e+03
7.096724751177143844e+02 4.477760215569630418e+03
7.157488089096465274e+02 4.484491383267049969e+03
7.218771692823542026e+02 4.491286114642696703e+03
7.280580016960773264e+02 4.494491389055643594e+03
7.342917554251570209e+02 4.487385818744803146e+03
7.405788835907085286e+02 4.480218075967582990e+03
7.469198431935237750e+02 4.472987616076067752e+03
7.533150951473334089e+02 4.465693889728509021e+03
7.597651043122752981e+02 4.458336342783063628e+03
7.662703395287006742e+02 4.450914416762351721e+03
7.728312736512494894e+02 4.443427548177768585e+03
7.794483835832189698e+02 4.435875169223358171e+03
7.861221503112409437e+02 4.428256706986787322e+03
7.928530589402251962e+02 4.420571583916034797e+03
7.996415987286341078e+02 4.412819217601914715e+03
8.064882631240419641e+02 4.404999020903680503e+03
8.133935497990033809e+02 4.397110401732547871e+03
8.203579606872282284e+02 4.389152763178465648e+03
8.273820020200629415e+02 4.381125503409062730e+03
8.344661843633009539e+02 4.373028015454849992e+03
8.416110226542749615e+02 4.364859687680877869e+03
8.488170362393001369e+02 4.356619903344781051e+03
8.560847489114212294e+02 4.349100621148259961e+03
8.634146889484859457e+02 4.355252684322612367e+03
8.708073891515450669e+02 4.361462751072629544e+03
8.782633868835770272e+02 4.367731411318618484e+03
8.857832241085619671e+02 4.374059262025274620e+03
8.933674474308553499e+02 4.380446906835806658e+03
9.010166081349333354e+02 4.386894956295068368e+03
9.087312622254618191e+02 4.393404027905561634e+03
9.165119704677108530e+02 4.399974746268839226e+03
9.243592984283162650e+02 4.406607742974530083e+03
9.322738165163852955e+02 4.413303657166381527e+03
9.402561000249747849e+02 4.420063135095545476e+03
9.483067291728847295e+02 4.426886830604615170e+03
9.564262891468488306e+02 4.433775404851088751e+03
9.646153701440669010e+02 4.440729526964515571e+03
9.728745674151016374e+02 4.447749873602358093e+03
9.812044813071656790e+02 4.454837129270131300e+03
9.896057173077166453e+02 4.453878054033545595e+03
9.980788860885245413e+02 4.447749353541947130e+03
1.006624603550016559e+03 4.441563704971549669e+03
1.015243490866065486e+03 4.435320556941651375e+03
1.023936174529138952e+03 4.429019352545128640e+03
1.032703286395832265e+03 4.422659529258694420e+03
1.041545463732819144e+03 4.416240519216093162e+03
1.050463349263127384e+03 4.409761748683369660e+03
1.059457591212915531e+03 4.403222638550435477e+03
1.068528843358545373e+03 4.396622603660431196e+03
1.077677765074125091e+03 4.389961053374950097e+03
1.086905021379433492e+03 4.383237391048450263e+03
1.096211282988255107e+03 4.376451014230447072e+03
1.105597226357155023e+03 4.369601314503827780e+03
1.115063533734600924e+03 4.366476024443347342e+03
1.124610893210616723e+03 4.374940719486515263e+03
1.134239998766749750e+03 4.383487868441326100e+03
1.143951550326537244e+03 4.392118353514332739e+03
1.153746253806377126e+03 4.400833067894323904e+03
1.163624821166838274e+03 4.409632915411646536e+03
1.173587970464426689e+03 4.418518810909908098e+03
1.183636425903754798e+03 4.427491680442524739e+03
1.193770917890199144e+03 4.436552461471628703e+03
1.203992183082989413e+03 4.445702102800667490e+03
1.214300964448753803e+03 4.454941564866093358e+03
1.224698011315523900e+03 4.464271820122057761e+03
1.235184079427198412e+03 4.473693852709586281e+03
1.245759930998495520e+03 4.487489165837899236e+03
1.256426334770328140e+03 4.505949195238843458e+03
1.267184066065700563e+03 4.524607206650750413e+03
1.278033906846062791e+03 4.543465608723578043e+03
1.288976645768148956e+03 4.562526844250956856e+03
1.300013078241302310e+03 4.581793389207889049e+03
1.311144006485288855e+03 4.601267755280048732e+03
1.322370239588628692e+03 4.620952488566228567e+03
1.333692593567377799e+03 4.640850171431510717e+03
1.345111891424461646e+03 4.660963422270775482e+03
1.356628963209493804e+03 4.681294896860902554e+03
1.368244646079110908e+03 4.700365935999756402e+03
1.379959784357823992e+03 4.681190305114740113e+03
1.391775229599385511e+03 4.661851485896675513e+03
1.403691840648709558e+03 4.642348237581036301e+03
1.415710483704266153e+03 4.622679315418751685e+03
1.427832032381066256e+03 4.602843471310676250e+03
1.440057367774159047e+03 4.582839453470640365e+03
1.452387378522668314e+03 4.562666006917978848e+03
1.464822960874419323e+03 4.542321873327029607e+03
1.477365018751017260e+03 4.521805792033647776e+03
1.490014463813637576e+03 4.501116499745212423e+03
1.502772215529225150e+03 4.504919574752775588e+03
1.515639201237360794e+03 4.522276144758982809e+03
1.528616356217660723e+03 4.539819009058620395e+03
1.541704623757754007e+03 4.557550440757796423e+03
1.554904955221881892e+03 4.575472744622966275e+03
1.568218310119978469e+03 4.593588258308559489e+03
1.581645656177507362e+03 4.611899352100579563e+03
1.595187969405732929e+03 4.630408429615927162e+03
1.608846234172695631e+03 4.649117928786698940e+03
1.622621443274760168e+03 4.662977370330590020e+03
1.636514598008771600e+03 4.646455232601373609e+03
1.650526708244865404e+03 4.629781360285373012e+03
1.664658792499832543e+03 4.612954415482550758e+03
1.678911878011181898e+03 4.595973052352868763e+03
1.693287000811799771e+03 4.578835916711737809e+03
1.707785205805258784e+03 4.561541646467088867e+03
1.722407546841769999e+03 4.544088871708105216e+03
1.737155086794777844e+03 4.526476214563727808e+03
1.752028897638247599e+03 4.522988679397674787e+03
1.767030060524542250e+03 4.542112107235239819e+03
1.782159665863038981e+03 4.561445284099275341e+03
1.797418813399380724e+03 4.580990838155614256e+03
1.812808612295415969e+03 4.600751435821194718e+03
1.828330181209821149e+03 4.620729781765779080e+03
1.843984648379407417e+03 4.640928619948102096e+03
1.859773151701158895e+03 4.661350733891517848e+03
1.875696838814901866e+03 4.671581681380302143e+03
1.891756867186751379e+03 4.652649148005154530e+03
1.907954404193241089e+03 4.633542316200218011e+03
1.924290627206177078e+03 4.614259682988225904e+03
1.940766723678217204e+03 4.594799738053694455e+03
1.957383891229180108e+03 4.575160964170012448e+03
1.974143337733127737e+03 4.555341836930464524e+03
1.991046281406116805e+03 4.535340825437903732e+03
2.008093950894780619e+03 4.543192558935538727e+03
2.025287585365629184e+03 4.562503392479886315e+03
2.042628434595122599e+03 4.582028221424638105e+03
2.060117759060514800e+03 4.601769763006509493e+03
2.077756830031467416e+03 4.621730773853110804e+03
2.095546929662488765e+03 4.641914051437551279e+03
2.113489351086083843e+03 4.662322433733973412e+03
2.131585398506780166e+03 4.657594849418494960e+03
2.149836387295921668e+03 4.639121559402275125e+03
2.168243644087272060e+03 4.620469516078687775e+03
2.186808506873489932e+03 4.601637065461991369e+03
2.205532325103286439e+03 4.582622543962335840e+03
2.224416459779639354e+03 4.563424278375893664e+03
2.243462283558625131e+03 4.544834016778250771e+03
2.262671180849240045e+03 4.565169645713798673e+03
2.282044547914018040e+03 4.585734141068540339e+03
2.301583792970517607e+03 4.606530462632982562e+03
2.321290336293727250e+03 4.627561614298704626e+03
2.341165610319200368e+03 4.648830644900433072e+03
2.361211059747307900e+03 4.670340648749961474e+03
2.381428141648147630e+03 4.660428849368754527e+03
2.401818325567503507e+03 4.641141880295752344e+03
2.422383093633654880e+03 4.621661585960925549e+03
2.443123940665101145e+03 4.601986118477033415e+03
2.464042374279254091e+03 4.582113619747620760e+03
2.485139915001968347e+03 4.562042220972906762e+03
2.506418096378104110e+03 4.586909250395117851e+03
2.527878465082986168e+03 4.618661305784181422e+03
2.549522581034832001e+03 4.650808513673412563e+03
2.571352017508137578e+03 4.683356551697794202e+03
2.593368361248027213e+03 4.716311189685303361e+03
2.615573212585632518e+03 4.733658219934226508e+03
2.637968185554353113e+03 4.710687227381497905e+03
2.660554908007224185e+03 4.687484884907642481e+03
2.683335021735227656e+03 4.664049064804233240e+03
2.706310182586633346e+03 4.640377631898941218e+03
2.729482060587359229e+03 4.616468444215790441e+03
2.752852340062352596e+03 4.643268041254707896e+03
2.776422719758064886e+03 4.671607450669031095e+03
2.800194912965861931e+03 4.700292660525048632e+03
2.824170647646608359e+03 4.729328553930177804e+03
2.848351666556255623e+03 4.758720093040703432e+03
2.872739727372523248e+03 4.737966599618310283e+03
2.897336602822658733e+03 4.712968440146632929e+03
2.922144080812282027e+03 4.687714300118619576e+03
2.947163964555397342e+03 4.662201845718504956e+03
2.972398072705389040e+03 4.642007600533132063e+03
2.997848239487266710e+03 4.668866176517793065e+03
3.023516314830979354e+03 4.696049476529007734e+03
3.049404164505884637e+03 4.723562045838777522e+03
3.075513670256367732e+03 4.751408502259413581e+03
3.101846729938609315e+03 4.788180731909611495e+03
3.128405257658588198e+03 4.833834114938153107e+03
3.155191183911140342e+03 4.880118827732318096e+03
3.182206455720329814e+03 4.927044859302559416e+03
3.209453036780967068e+03 4.964788483567387630e+03
3.236932907601329589e+03 4.921352101499005585e+03
3.264648065647190379e+03 4.877501998354298848e+03
3.292600525486862352e+03 4.833235850461450354e+03
3.320792318937820710e+03 4.788551398425360276e+03
3.349225495214247985e+03 4.827136381570810954e+03
3.377902121076051571e+03 4.876330141703050685e+03
3.406824280979081777e+03 4.926223237205314945e+03
3.435994077226631362e+03 4.976827000669085464e+03
3.465413630122321138e+03 4.945776226530715576e+03
3.495085078124065149e+03 4.898869322844586350e+03
3.525010577999708858e+03 4.851526883530079431e+03
3.555192304983645954e+03 4.803746858428202358e+03
3.585632452935003130e+03 4.837286984228117035e+03
3.616333234497094054e+03 4.875284120800359233e+03
3.647296881258237136e+03 4.913786323253920273e+03
3.678525643914027114e+03 4.936284071275458700e+03
3.710021792430842652e+03 4.900210504852805570e+03
3.741787616210907800e+03 4.863743416800253726e+03
3.773825424258689509e+03 4.826879589105925334e+03
3.806137545348734420e+03 4.851576450440313238e+03
3.838726328194945381e+03 4.913955882766839750e+03
3.871594141621286781e+03 4.977307113996776934e+03
3.904743374734037388e+03 5.023987626426651332e+03
3.938176437095352867e+03 4.980748017340746628e+03
3.971895758898475833e+03 4.937044596052318411e+03
4.005903791144369734e+03 4.892874176555405938e+03
4.040203005819874761e+03 4.948041745410020667e+03
4.074795896077393536e+03 5.025407663378949110e+03
4.109684976416098834e+03 5.104083452935106834e+03
4.144872782864771580e+03 5.098637847587016040e+03
4.180361873166044461e+03 5.036995150352342534e+03
4.216154826962386323e+03 4.974778435976473702e+03
4.252254245983589499e+03 4.981702655092508394e+03
4.288662754235894681e+03 5.063484137502742669e+03
4.325382998192716514e+03 5.146686967598349838e+03
4.362417646986999898e+03 5.158315722399819606e+03
4.399769392605302528e+03 5.090682675235431816e+03
4.437440950083365351e+03 5.022423598425996715e+03
4.475435057703534767e+03 5.037670521816937253e+03
4.513754477193787352e+03 5.118791617431965278e+03
4.552401993928454431e+03 5.201325264544288075e+03
4.591380417130780188e+03 5.134924209154161872e+03
4.630692580076914055e+03 5.033100857836189789e+03
4.670341340302119534e+03 5.133245925256611372e+03
4.710329579808277231e+03 5.228031268930168153e+03
4.750660205273467000e+03 5.297023967078724127e+03
4.791336148263226278e+03 5.345658686176023366e+03
4.832360365443630144e+03 5.348637455191181289e+03
4.873735838796294956e+03 5.257338218289139149e+03
4.915465575834922674e+03 5.165214100527566188e+03
4.957552609824187130e+03 5.179919214720095624e+03
4.999999999999999091e+03 5.219986009709872633e+03
