# Time [Myr]     Mass flux [kg m-2 s-1]      Mass loss rate [kg s-1]
1.000000000000000000e+00 1.069974930004018461e-09 5.469561323698281776e+05
1.097498765493056805e+00 1.022796353635142911e-09 5.228391078136192518e+05
1.204503540258781147e+00 9.710179243125831152e-10 4.963707031358149252e+05
1.321941148466028837e+00 9.141911620519030089e-10 4.673216616773533169e+05
1.450828778495940163e+00 8.518238606238392395e-10 4.354403745379350730e+05
1.592282793341093905e+00 7.975518957348820065e-10 4.076973095563436509e+05
1.747528400007682947e+00 7.462783985799777379e-10 3.814870190995229059e+05
1.917910261672488570e+00 6.900057987499571968e-10 3.527212576799469534e+05
2.104904144512021791e+00 6.269037809760363770e-10 3.204643938801322365e+05
2.310129700083157989e+00 5.564960823265295380e-10 2.844729687892190996e+05
2.535364493970111432e+00 4.833735738315572978e-10 2.470937710958304524e+05
2.782559402207125832e+00 4.275743891441659197e-10 2.185700128374096530e+05
3.053855508833412724e+00 3.708643440128677505e-10 1.895806355335724948e+05
3.351602650938841244e+00 3.286959059896360618e-10 1.680247232196484983e+05
3.678379771828634404e+00 2.891143408980757766e-10 1.477911839576181956e+05
4.037017258596558023e+00 2.531129864898954660e-10 1.293877980323986121e+05
4.430621457583876932e+00 2.262234252917917624e-10 1.156422326162244426e+05
4.862601580065353701e+00 2.001470747932769664e-10 1.023123690698569408e+05
5.336699231206313065e+00 1.810711250905749309e-10 9.256101193232840160e+04
5.857020818056672518e+00 1.621665717573556203e-10 8.289727020776487188e+04
6.428073117284319515e+00 1.456794128879166377e-10 7.446926652644369460e+04
7.054802310718645941e+00 1.323625227292641844e-10 6.766185961239288736e+04
7.742636826811277295e+00 1.154577776178171515e-10 5.902039171854223969e+04
8.497534359086438727e+00 1.023731018006436805e-10 5.233168950918547489e+04
9.326033468832196860e+00 9.313207949287310963e-11 4.760780890332631679e+04
1.023531021899026783e+01 8.276779075663205132e-11 4.230973030075822317e+04
1.123324032978026565e+01 7.552767107002199197e-11 3.860868296718376223e+04
1.232846739442065953e+01 6.734431135910236595e-11 3.442546460219004803e+04
1.353047774579807516e+01 6.260237604781528899e-11 3.200145397812827287e+04
1.484968262254463589e+01 6.215349565158777963e-11 3.177199263419163617e+04
1.629750834620643474e+01 5.955230958145890741e-11 3.044230290726820385e+04
1.788649529057434862e+01 5.854989336250796501e-11 2.992988183760806351e+04
1.963040650040272084e+01 5.700983303725221394e-11 2.914262466410125489e+04
2.154434690031886390e+01 5.381130323035338830e-11 2.750758122206058761e+04
2.364489412645406929e+01 5.152713716909143079e-11 2.633994766399808941e+04
2.595024211399737268e+01 4.669842263588015292e-11 2.387157672245341018e+04
2.848035868435804829e+01 4.247336217963575555e-11 2.171178525316407104e+04
3.125715849688235437e+01 3.910247045967426717e-11 1.998863282586310015e+04
3.430469286314918520e+01 3.928731357814277437e-11 2.008312202774779144e+04
3.764935806792471595e+01 4.028834241027362535e-11 2.059483388478253983e+04
4.132012400115334572e+01 4.253607515093024888e-11 2.174384324187650418e+04
4.534878508128582553e+01 4.145236475471348152e-11 2.118986573240208236e+04
4.977023564332114347e+01 4.268769631720208178e-11 2.182134984914732559e+04
5.462277217684336961e+01 4.155629984736149868e-11 2.124299588965917428e+04
5.994842503189408944e+01 4.231861260018109706e-11 2.163267944508307119e+04
6.579332246575683030e+01 4.134078928673304038e-11 2.113282992275586003e+04
7.220809018385470779e+01 4.210824507951429903e-11 2.152514252785856297e+04
7.924828983539184435e+01 4.246292671200879569e-11 2.170645078891387311e+04
8.697490026177834466e+01 4.269231973954220093e-11 2.182371327760770509e+04
9.545484566618347344e+01 4.192417156629523992e-11 2.143104673735098186e+04
1.047615752789666175e+02 4.094586153065266094e-11 2.093094840948488127e+04
1.149756995397735722e+02 4.101680960686992660e-11 2.096721606798668654e+04
1.261856883066018327e+02 4.140691624451105976e-11 2.116663309333249708e+04
1.384886371393874640e+02 4.143476218140571199e-11 2.118086754455095070e+04
1.519911082952932873e+02 4.119487172669098570e-11 2.105823891875435220e+04
1.668100537200055840e+02 3.999158046924094663e-11 2.044313335521855333e+04
1.830738280295369691e+02 3.848266962780008860e-11 1.967179935964325705e+04
2.009233002565046036e+02 3.839600619653643919e-11 1.962749823271714922e+04
2.205130739903041217e+02 3.811667240759730331e-11 1.948470672933324749e+04
2.420128264794383313e+02 3.768679435991917559e-11 1.926495911865993912e+04
2.656087782946684115e+02 3.722941177587460537e-11 1.903115157591555180e+04
2.915053062825181200e+02 3.673214812385003525e-11 1.877695739224581484e+04
3.199267137797384066e+02 3.618640187962852592e-11 1.849797958947277948e+04
3.511191734215141764e+02 3.563250484614232109e-11 1.821483521788867074e+04
3.853528593710535119e+02 3.506952630871248275e-11 1.792704850924243146e+04
4.229242874389498752e+02 3.445843514454037487e-11 1.761466730262883721e+04
4.641588833612791518e+02 3.332357601531885238e-11 1.703454328037603409e+04
5.094138014816385294e+02 3.214161703551095539e-11 1.643034247707955728e+04
5.590810182512223037e+02 3.094052424206626108e-11 1.581636073741644941e+04
6.135907273413188250e+02 3.039360304561083932e-11 1.553678231559004962e+04
6.734150657750827804e+02 2.980422147894812463e-11 1.523549874982398069e+04
7.390722033525776169e+02 2.903740603559788495e-11 1.484351348234231591e+04
8.111308307896889573e+02 2.763403668181390085e-11 1.412613081055471594e+04
8.902150854450392217e+02 2.654460973047895414e-11 1.356923107852138855e+04
9.770099572992246522e+02 2.590676668409384875e-11 1.324317468605201066e+04
1.072267222010325213e+03 2.465302273189870192e-11 1.260227841470465864e+04
1.176811952434999057e+03 2.382156957504351140e-11 1.217725125736883820e+04
1.291549665014882748e+03 2.341302706172703079e-11 1.196841007172405625e+04
1.417474162926807594e+03 2.254560798505024216e-11 1.152499764212520495e+04
1.555676143930472108e+03 2.135708047602034665e-11 1.091743909909308422e+04
1.707352647470688908e+03 2.032842705500402019e-11 1.039160594082836724e+04
1.873817422860386841e+03 1.955907870529248852e-11 9.998325887246412094e+03
2.056512308348651459e+03 1.849537994747031474e-11 9.454578045806030786e+03
2.257019719633916793e+03 1.756870305124065439e-11 8.980873852459792033e+03
2.477076355991714081e+03 1.665981581146619104e-11 8.516263481237860105e+03
2.718588242732940216e+03 1.596790900173604106e-11 8.162570453487267514e+03
2.983647240283334213e+03 1.515971481012999566e-11 7.749432951991841946e+03
3.274549162877731305e+03 1.475583544697134691e-11 7.542975503108985322e+03
3.593813663804625321e+03 1.392840559452170832e-11 7.120005002387541026e+03
3.944206059437663953e+03 1.335929598247713550e-11 6.829084174647002328e+03
4.328761281083061476e+03 1.278292364500310967e-11 6.534450743835155663e+03
4.750810162102793583e+03 1.236572772420370291e-11 6.321186058016717652e+03
5.214008287999694403e+03 1.160876556406334418e-11 5.934237650301101894e+03
5.722367659350219583e+03 1.113813595702611061e-11 5.693658415755065107e+03
6.280291441834272518e+03 1.092442640926537169e-11 5.584413101294024273e+03
6.892612104349709625e+03 1.042898564697040485e-11 5.331150753210600669e+03
7.564633275546289951e+03 1.050148570822356374e-11 5.368211764630235848e+03
8.302175681319768046e+03 1.039942947264416088e-11 5.316042052675840750e+03
9.111627561154904470e+03 1.071895092568552170e-11 5.479376924609740854e+03
1.000000000000000000e+04 1.196067688455140172e-11 6.114129766830023073e+03
