# Age[Myr]   Lxuv[erg.s-1]
1.000000000000000000e+00 4.418521407879064525e+30
1.008562166358395462e+00 4.393599275290109010e+30
1.017197643409537555e+00 4.368463736161666198e+30
1.025907058851777798e+00 4.344403560381009379e+30
1.034691045757918815e+00 4.320152686795257628e+30
1.043550242621240409e+00 4.295693233836416010e+30
1.052485293401905109e+00 4.271408409591816703e+30
1.061496847573776714e+00 4.247794942867009223e+30
1.070585560171615880e+00 4.223977974792499928e+30
1.079752091838698913e+00 4.199956419752363445e+30
1.088997108874847131e+00 4.176504877663023416e+30
1.098321283284845240e+00 4.153306497028467344e+30
1.107725292827294261e+00 4.129908329477557337e+30
1.117209821063883890e+00 4.106308589146862895e+30
1.126775557409066097e+00 4.083673198592240680e+30
1.136423197180176148e+00 4.060891486539546740e+30
1.146153441647970173e+00 4.037913168630303215e+30
1.155966998087607278e+00 4.015080232710306395e+30
1.165864579830048431e+00 3.992890588448787843e+30
1.175846906313911866e+00 3.970509242225472599e+30
1.185914703137776138e+00 3.947934344650003312e+30
1.196068702112908611e+00 3.925897568325653106e+30
1.206309641316467118e+00 3.904111434252800816e+30
1.216638265145154829e+00 3.882136222508086492e+30
1.227055324369317413e+00 3.859970802926297002e+30
1.237561576187522494e+00 3.838469834853631379e+30
1.248157784281595406e+00 3.816816620432714406e+30
1.258844718872140556e+00 3.794975106701258603e+30
1.269623156774511319e+00 3.773188386263704190e+30
1.280493881455283312e+00 3.751770773579726120e+30
1.291457683089210828e+00 3.730165546863043606e+30
1.302515358616648466e+00 3.708371016427895644e+30
1.313667711801486782e+00 3.687179930386946606e+30
1.324915553289583547e+00 3.666148999014065867e+30
1.336259700667674633e+00 3.644933867815158915e+30
1.347700978522810900e+00 3.623723824710601886e+30
1.359240218502292707e+00 3.603277742540897443e+30
1.370878259374130881e+00 3.582651577181763558e+30
1.382615947087999952e+00 3.561844139979879475e+30
1.394454134836734971e+00 3.541538075354935901e+30
1.406393683118359439e+00 3.521467888807548786e+30
1.418435459798615295e+00 3.501220525651656445e+30
1.430580340174055110e+00 3.480885094113346740e+30
1.442829207035675187e+00 3.461355284504160900e+30
1.455182950733066471e+00 3.441652322508588635e+30
1.467642469239143654e+00 3.421774786853471310e+30
1.480208668215412304e+00 3.402254970801644132e+30
1.492882461077811751e+00 3.383012577624650136e+30
1.505664769063090658e+00 3.363598718920251839e+30
1.518556521295780781e+00 3.344012285444028135e+30
1.531558654855741386e+00 3.325091826812685495e+30
1.544672114846256550e+00 3.306001500051967522e+30
1.557897854462741538e+00 3.286739367902646975e+30
1.571236835062038928e+00 3.267805122669618906e+30
1.584690026232278726e+00 3.249255107127893988e+30
1.598258405863369536e+00 3.230537708521779042e+30
1.611942960218072152e+00 3.211651541925922677e+30
1.625744684003703755e+00 3.193486288002911576e+30
1.639664580444420539e+00 3.175155526569778092e+30
1.653703661354150922e+00 3.156657714553731781e+30
1.667862947210152713e+00 3.138480051791855038e+30
1.682143467227169564e+00 3.120612594675413839e+30
1.696546259432256676e+00 3.102580591036356337e+30
1.711072370740225557e+00 3.084439170480069173e+30
1.725722857029757362e+00 3.067122561063316158e+30
1.740498783220131740e+00 3.049645414210489048e+30
1.755401223348643569e+00 3.032006162644462971e+30
1.770431260648685612e+00 3.014819863679781148e+30
1.785589987628463104e+00 2.997856524294164937e+30
1.800878506150419556e+00 2.980733241820297422e+30
1.816297927511338228e+00 2.963612499013455663e+30
1.831849372523099095e+00 2.947214765263616564e+30
1.847533971594160329e+00 2.930660697640315553e+30
1.863352864811736564e+00 2.913948707838187728e+30
1.879307202024647294e+00 2.897803367443341071e+30
1.895398142926912888e+00 2.881790928922860325e+30
1.911626857142043168e+00 2.865621691981840359e+30
1.927994524308069613e+00 2.849482363329523770e+30
1.944502334163270785e+00 2.833754807806077482e+30
1.961151486632660923e+00 2.817869134812318849e+30
1.977943191915224386e+00 2.801823869408340029e+30
1.994878670571857970e+00 2.786501645007317937e+30
2.011959153614109042e+00 2.771241437645719181e+30
2.029185882593645296e+00 2.755820002053171234e+30
2.046560109692519447e+00 2.740736376899588693e+30
2.064083097814162659e+00 2.726229255732444349e+30
2.081756120675195554e+00 2.711560228373469706e+30
2.099580462898024358e+00 2.696779816363434298e+30
2.117557420104193788e+00 2.683239788631369706e+30
2.135688299008576596e+00 2.669529547337618891e+30
2.153974417514366468e+00 2.655647597258768352e+30
2.172417104808852084e+00 2.642869154343857255e+30
2.191017701460049594e+00 2.630626483603492084e+30
2.209777559514134904e+00 2.618189131448753683e+30
2.228698042593744155e+00 2.606905653755002545e+30
2.247780525997061574e+00 2.599386919954051066e+30
2.267026396797805710e+00 2.591503989213648826e+30
2.286437053946062115e+00 2.583262525117830773e+30
2.306013908369947796e+00 2.564480251786452906e+30
2.325758383078180280e+00 2.543702124417590650e+30
2.345671913263528197e+00 2.522733325129013853e+30
2.365755946407106070e+00 2.501878902826725800e+30
2.386011942383607032e+00 2.481209355993070153e+30
2.406441373567409059e+00 2.460337317942313980e+30
2.427045724939618232e+00 2.439322408841921638e+30
2.447826494195983749e+00 2.420564136750692060e+30
2.468785191855773054e+00 2.401647673379640926e+30
2.489923341371585330e+00 2.382571247282533614e+30
2.511242479240060277e+00 2.363594099141518752e+30
2.532744155113582973e+00 2.344650724174754033e+30
2.554429931912913787e+00 2.325542017469387369e+30
2.576301385940816591e+00 2.306911140832795670e+30
2.598360106996607133e+00 2.291601558533146397e+30
2.620607698491724591e+00 2.276174338424485984e+30
2.643045777566302768e+00 2.260628740052486603e+30
2.665675975206679649e+00 2.244342055034558881e+30
2.688499936363971887e+00 2.227764788459228100e+30
2.711519320073655148e+00 2.211055002202887462e+30
2.734735799576129445e+00 2.194781616279476400e+30
2.758151062438353840e+00 2.179336874151393634e+30
2.781766810676535862e+00 2.163772646224862758e+30
2.805584760879811679e+00 2.148088000528686444e+30
2.829606644335043608e+00 2.133522634863605000e+30
2.853834207152655456e+00 2.118960129853367386e+30
2.878269210393575861e+00 2.104286291978773097e+30
2.902913430197213263e+00 2.089864823594186434e+30
2.927768657910576167e+00 2.075788448553601233e+30
2.952836700218502308e+00 2.061604534207587121e+30
2.978119379274948297e+00 2.047312309286360001e+30
3.003618532835462318e+00 2.034447188414962140e+30
3.029336014390752840e+00 2.021553490957692525e+30
3.055273693301444826e+00 2.008558514601987310e+30
3.081433454933920846e+00 1.994669355254991739e+30
3.107817200797383883e+00 1.979768364990965248e+30
3.134426848682093869e+00 1.964743683983354162e+30
3.161264332798730869e+00 1.949593994029251798e+30
3.188331603919009272e+00 1.936830086010800873e+30
3.215630629517493233e+00 1.924031912317392966e+30
3.243163393914573867e+00 1.911134526915369687e+30
3.270931898420722295e+00 1.898037941458237565e+30
3.298938161481982601e+00 1.884729410132074920e+30
3.327184218826650053e+00 1.871317959894731836e+30
3.355672123613271829e+00 1.857961433477767624e+30
3.384403946579871647e+00 1.846539185566313364e+30
3.413381776194498229e+00 1.835026819317612998e+30
3.442607718806991457e+00 1.823423774672465900e+30
3.472083898802105661e+00 1.811813828966306399e+30
3.501812458753955415e+00 1.800172785642300221e+30
3.531795559581708766e+00 1.788442382236833950e+30
3.562035380706689125e+00 1.776645848297734211e+30
3.592534120210783222e+00 1.765308314583114585e+30
3.623293994996239498e+00 1.753883684864806738e+30
3.654317240946772127e+00 1.742371455323114285e+30
3.685606113090103442e+00 1.730781543275311410e+30
3.717162885761899904e+00 1.719114670429934970e+30
3.748989852771046571e+00 1.707357582115913105e+30
3.781089327566408365e+00 1.695509717114659893e+30
3.813463643404977788e+00 1.685570612049270568e+30
3.846115153521503682e+00 1.675826267537713326e+30
3.879046231299500658e+00 1.665999939148112656e+30
3.912259270443785297e+00 1.655633245334494712e+30
3.945756685154500065e+00 1.643947318400526518e+30
3.979540910302543644e+00 1.610568957689755052e+30
4.013614401606586668e+00 1.570228121992116509e+30
4.047979635811593369e+00 1.544386125977115534e+30
4.082639110868809595e+00 1.525886084861709695e+30
4.117595346117351340e+00 1.507367864900158336e+30
4.152850882467362226e+00 1.488798677359770132e+30
4.188408282584657805e+00 1.468491803234487940e+30
4.224270131077028090e+00 1.448190540190409661e+30
4.260439034682101500e+00 1.427897246134268670e+30
4.296917622456851049e+00 1.407556438424737802e+30
4.333708545968647741e+00 1.387155347755451982e+30
4.370814479488022819e+00 1.366771836416659264e+30
4.408238120183082032e+00 1.346408642767175630e+30
4.445982188315509731e+00 1.340469322730634377e+30
4.484049427438330682e+00 1.337457923686460299e+30
4.522442604595315885e+00 1.334377761228096457e+30
4.561164510522155879e+00 1.329086778858368445e+30
4.600217959849255855e+00 1.304955705753947545e+30
4.639605791306354199e+00 1.280898668670886747e+30
4.679330867928894300e+00 1.256919569925697715e+30
4.719396077266075906e+00 1.233581959659220670e+30
4.759804331590776982e+00 1.211462934430551736e+30
4.800558568111268798e+00 1.189408431415198173e+30
4.841661749184657637e+00 1.167422197747680258e+30
4.883116862532245861e+00 1.153457573423495610e+30
4.924926921456733275e+00 1.145968174880055564e+30
4.967094965061185974e+00 1.138430021656342076e+30
5.009624058469988483e+00 1.130842970121709778e+30
5.052517293051618452e+00 1.112567579406155319e+30
5.095777786643394869e+00 1.090528723100788181e+30
5.139408683778052378e+00 1.068576401069475545e+30
5.183413155912330872e+00 1.046714549937243220e+30
5.227794401657547496e+00 1.036200219346336038e+30
5.272555647012027613e+00 1.026806267952196943e+30
5.317700145595641636e+00 1.017381022929399307e+30
5.363231178886285200e+00 1.007949076201456933e+30
5.409152056458442104e+00 9.991179779426922707e+29
5.455466116223695927e+00 9.902550945376217499e+29
5.502176724673381258e+00 9.813607838034429918e+29
5.549287277123326589e+00 9.722871296547692828e+29
5.596801197960582286e+00 9.624078058468810435e+29
5.644721940892376999e+00 9.525061959581004841e+29
5.693052989197181724e+00 9.425829803978389863e+29
5.741797855977847753e+00 9.333187138877053920e+29
5.790960084416997056e+00 9.256262196574689324e+29
5.840543248034602897e+00 9.179037356268020951e+29
5.890550950947678999e+00 9.101515168858228673e+29
5.940986828132296615e+00 8.974361758029813590e+29
5.991854545687789191e+00 8.756459657025488252e+29
6.043157801103275162e+00 8.539853925949831073e+29
6.094900323526356800e+00 8.324591962674712453e+29
6.147085874034214470e+00 8.138438629768765822e+29
6.199718245907038572e+00 8.048379485272730650e+29
6.252801264903673939e+00 7.958189773642156054e+29
6.306338789539764456e+00 7.867877784367785611e+29
6.360334711368192728e+00 7.777476070093553196e+29
6.414792955262003993e+00 7.687903185861474411e+29
6.469717479699619744e+00 7.598230218559191656e+29
6.525112277052613763e+00 7.508465358392176208e+29
6.580981373875946616e+00 7.418617186452896035e+29
6.637328831200573376e+00 7.329897937845596599e+29
6.694158744828687446e+00 7.241408817129660487e+29
6.751475245631404221e+00 7.152853941762242336e+29
6.809282499849088843e+00 7.064242152153210358e+29
6.867584709394107811e+00 6.975113370330187150e+29
6.926386112156298402e+00 6.885530559817592029e+29
6.985690982311060004e+00 6.795925610815920425e+29
7.045503630629950109e+00 6.706308512695214107e+29
7.105828404794068298e+00 6.641367948791351709e+29
7.166669689710126079e+00 6.635295478148002841e+29
7.228031907829095104e+00 6.628966738589101400e+29
7.289919519467702003e+00 6.622375457985995991e+29
7.352337023132698768e+00 6.605800899559063831e+29
7.415288955847750607e+00 6.502687814955003070e+29
7.478779893483291197e+00 6.399715735679513886e+29
7.542814451089102867e+00 6.296898642159485554e+29
7.607397283229836660e+00 6.194251290016413218e+29
7.672533084323255537e+00 6.097431131674882952e+29
7.738226588981508058e+00 6.001070101240444743e+29
7.804482572355325942e+00 5.904849661290498839e+29
7.871305850481030930e+00 5.808783349541169675e+29
7.938701280630660051e+00 5.785112480754282750e+29
8.006673761665009437e+00 5.776302123034806883e+29
8.075228234389784987e+00 5.767275021042167414e+29
8.144369681914643166e+00 5.758026573243626130e+29
8.214103130015450560e+00 5.673520804767972586e+29
8.284433647499659159e+00 5.564203490582952611e+29
8.355366346574639280e+00 5.455234721817360604e+29
8.426906383219332497e+00 5.346633140581922432e+29
8.499058957559080696e+00 5.316199123539788297e+29
8.571829314243512243e+00 5.317358507756293940e+29
8.645222742827819218e+00 5.318359175024835350e+29
8.719244578157294256e+00 5.319196294502631017e+29
8.793900200755013330e+00 5.241192453731298993e+29
8.869195037213005506e+00 5.131600097501294995e+29
8.945134560586659234e+00 5.022424805450906442e+29
9.021724290792635159e+00 4.913687099968659200e+29
9.098969795009978156e+00 4.825138053443491571e+29
9.176876688084849576e+00 4.743248335161402444e+29
9.255450632938712729e+00 4.661508612595161412e+29
9.334697340979849045e+00 4.579930962198118350e+29
9.414622572518590360e+00 4.554555015607308808e+29
9.495232137185981358e+00 4.539566754046987007e+29
9.576531894356151042e+00 4.524425127188651250e+29
9.658527753572107244e+00 4.509128411295538271e+29
9.741225674975350302e+00 4.435276524001351572e+29
9.824631669739160245e+00 4.359647367762721162e+29
9.908751800505427809e+00 4.284154224578270549e+29
9.993592181825405873e+00 4.218322365751964779e+29
1.007915898060413440e+01 4.209855823999392247e+29
1.016545841654878046e+01 4.201260648131287980e+29
1.025249676262060206e+01 4.192534707291419410e+29
1.034028034549107034e+01 4.161667591953989495e+29
1.042881554600161209e+01 4.090512488541183518e+29
1.051810879962749823e+01 4.019482383339785598e+29
1.060816659694558872e+01 3.948587909374366619e+29
1.069899548410621115e+01 3.883565459040879748e+29
1.079060206330884775e+01 3.822330866964617684e+29
1.088299299328212300e+01 3.761160506693613861e+29
1.097617498976785555e+01 3.700062614164331325e+29
1.107015482600910516e+01 3.686789821781021899e+29
1.116493933324258947e+01 3.678452067648396827e+29
1.126053540119518281e+01 3.670007538185544305e+29
1.135694997858481692e+01 3.649371738436395192e+29
1.145419007362543340e+01 3.590545688004638532e+29
1.155226275453647489e+01 3.531785309960840469e+29
1.165117515005671045e+01 3.473098716045452242e+29
1.175093444996229941e+01 3.454833566400950344e+29
1.185154790558947546e+01 3.460979730633283674e+29
1.195302283036160063e+01 3.467084676699389929e+29
1.205536660032085550e+01 3.470314670038259098e+29
1.215858665466422117e+01 3.406587045401507840e+29
1.226269049628442254e+01 3.342989511126929686e+29
1.236768569231512416e+01 3.279532016485637707e+29
1.247357987468107154e+01 3.223231311839155995e+29
1.258038074065282608e+01 3.173856490609372132e+29
1.268809605340622149e+01 3.124509552473062311e+29
1.279673364258678703e+01 3.075224857301338482e+29
1.290630140487866306e+01 3.030731912466334076e+29
1.301680730457882795e+01 2.986242213170393247e+29
1.312825937417580668e+01 2.941761024282075938e+29
1.324066571493366595e+01 2.921955232345220988e+29
1.335403449748080185e+01 2.922063301538324280e+29
1.346837396240398554e+01 2.922126835459062641e+29
1.358369242084716788e+01 2.916038954785058422e+29
1.369999825511570890e+01 2.871294362493323672e+29
1.381729991928573753e+01 2.826564884599794347e+29
1.393560593981850282e+01 2.781856082391812330e+29
1.405492491618027273e+01 2.741000816354519859e+29
1.417526552146733820e+01 2.701312645145987252e+29
1.429663650303656652e+01 2.661618499695443770e+29
1.441904668314104576e+01 2.623636143465880599e+29
1.454250495957156808e+01 2.587855861795599146e+29
1.466702030630321119e+01 2.552053333742818138e+29
1.479260177414774091e+01 2.522041384416803058e+29
1.491925849141149030e+01 2.526662070720650167e+29
1.504699966455882709e+01 2.531283941104542580e+29
1.517583457888150100e+01 2.535906208960773794e+29
1.530577259917334310e+01 2.502767211659954453e+29
1.543682317041123397e+01 2.465196169890590653e+29
1.556899581844142766e+01 2.427617275121164117e+29
1.570230015067208562e+01 2.393145810936038807e+29
1.583674585677156621e+01 2.360055261018140672e+29
1.597234270937287270e+01 2.326936472449117582e+29
1.610910056478382657e+01 2.295284911588754422e+29
1.624702936370359652e+01 2.264960709590479373e+29
1.638613913194535954e+01 2.234598619522170857e+29
1.652643998116488788e+01 2.205063484020549216e+29
1.666794210959566058e+01 2.176791611787794215e+29
1.681065580279008742e+01 2.148475830331236336e+29
1.695459143436730187e+01 2.120808026040506452e+29
1.709975946676697944e+01 2.094605578207854607e+29
1.724617045200994880e+01 2.068353866273764437e+29
1.739383503246530438e+01 2.052223497343629920e+29
1.754276394162375752e+01 2.064358276448077596e+29
1.769296800487800070e+01 2.076589454407175059e+29
1.784445814030949862e+01 2.078451116599982083e+29
1.799724535948224968e+01 2.050473042471978915e+29
1.815134076824296017e+01 2.022446057967878773e+29
1.830675556752857958e+01 1.995308767528364687e+29
1.846350105418024157e+01 1.970388709462565155e+29
1.862158862176454122e+01 1.945406907136658850e+29
1.878102976140165481e+01 1.920977036964136291e+29
1.894183606260074981e+01 1.897552978814683649e+29
1.910401921410219472e+01 1.874062421207520059e+29
1.926759100472727937e+01 1.851331832196419657e+29
1.943256332423527510e+01 1.829433811177644396e+29
1.959894816418742991e+01 1.807465224722800588e+29
1.976675761881877591e+01 1.786482946151778585e+29
1.993600388591713823e+01 1.766040632159773877e+29
2.010669926770997762e+01 1.745524094839272843e+29
2.027885617175833843e+01 1.726183683750970603e+29
2.045248711185886847e+01 1.707027588694609639e+29
2.062760470895354104e+01 1.687881838580978807e+29
2.080422169204681992e+01 1.670032177819023062e+29
2.098235089913106322e+01 1.652101352577144012e+29
2.116200527811960796e+01 1.634451194449855072e+29
2.134319788778810789e+01 1.617444512830624642e+29
2.152594189872345964e+01 1.600353436682942871e+29
2.171025059428148296e+01 1.583983701468047265e+29
2.189613737155217521e+01 1.567974050307088507e+29
2.208361574233368430e+01 1.551877881453808452e+29
2.227269933411442437e+01 1.536860613247308358e+29
2.246340189106359020e+01 1.521764677838450330e+29
2.265573727503037205e+01 1.507092670026869786e+29
2.284971946655123176e+01 1.493161477529354281e+29
2.304536256586651177e+01 1.479131198628279692e+29
2.324268079394499864e+01 1.465594489250377539e+29
2.344168849351783734e+01 1.452099015502561951e+29
2.364240013012097563e+01 1.438900059800616070e+29
2.384483029314682057e+01 1.426697818359125469e+29
2.404899369690444644e+01 1.414394076741844281e+29
2.425490518168929555e+01 1.404108791849899283e+29
2.446257971486202720e+01 1.394370681993093048e+29
2.467203239193618458e+01 1.374296205148292311e+29
2.488327843767566350e+01 1.330992185743173973e+29
2.509633320720126548e+01 1.287708409298161494e+29
2.531121218710704568e+01 1.272367209278794572e+29
2.552793099658570242e+01 1.260703688034666405e+29
2.574650538856405291e+01 1.249320961837425450e+29
2.596695125084826472e+01 1.238220417204785974e+29
2.618928460727837049e+01 1.227043217397656381e+29
2.641352161889325245e+01 1.216100271290103624e+29
2.663967858510523357e+01 1.205026493147589868e+29
2.686777194488508513e+01 1.194459121729742828e+29
2.709781827795656639e+01 1.183900554973919469e+29
2.732983430600199881e+01 1.173606709416731384e+29
2.756383689387737235e+01 1.163523576950718894e+29
2.779984305083842600e+01 1.153519172335842140e+29
2.803786993177692821e+01 1.143903598850567077e+29
2.827793483846785350e+01 1.134157089331295268e+29
2.852005522082668421e+01 1.124577855322123465e+29
2.876424867817796738e+01 1.114833572598812328e+29
2.901053296053478192e+01 1.105297405730853383e+29
2.925892596988859395e+01 1.095643719503554392e+29
2.950944576151075438e+01 1.086370129670028204e+29
2.976211054526479671e+01 1.077132075364550148e+29
3.001693868693030609e+01 1.068564312195186708e+29
3.027394870953756367e+01 1.060366001264615323e+29
3.053315929471408907e+01 1.053025275705317594e+29
3.079458928404281792e+01 1.046452452376636673e+29
3.105825768043125379e+01 1.026821437780069040e+29
3.132418364949301548e+01 9.920523892219342297e+28
3.159238652094084188e+01 9.685815022806781215e+28
3.186288578999186782e+01 9.602691281559792561e+28
3.213570111878426161e+01 9.520926264839559124e+28
3.241085233780696484e+01 9.441781424029460641e+28
3.268835944734065890e+01 9.366642030184100963e+28
3.296824261891181607e+01 9.297317633711981642e+28
3.325052219675887955e+01 9.232409477457327166e+28
3.353521869931098109e+01 9.172795613449033223e+28
3.382235282067965443e+01 9.123306964558268519e+28
3.411194543216259234e+01 9.083067300078750868e+28
3.440401758376127361e+01 8.893392455878749139e+28
3.469859050571059100e+01 8.602421911875012002e+28
3.499568561002232769e+01 8.471582972537486725e+28
3.529532449204137379e+01 8.411280964746659503e+28
3.559752893201577706e+01 8.358886999870142839e+28
3.590232089667949111e+01 8.307365158638072907e+28
3.620972254084928466e+01 8.273554339714624707e+28
3.651975620903537134e+01 8.225440900420892127e+28
3.683244443706518467e+01 7.973693181584492354e+28
3.714780995372169059e+01 7.765702327437341918e+28
3.746587568239543486e+01 7.720474119854057668e+28
3.778666474275106424e+01 7.666972718847269772e+28
3.811020045240734078e+01 7.600617096816572239e+28
3.843650632863264605e+01 7.511635768888719453e+28
3.876560609005391456e+01 7.407229308108655493e+28
3.909752365838098598e+01 7.274499350742549555e+28
3.943228316014534585e+01 7.124742735028385341e+28
3.976990892845378056e+01 7.048618369322444930e+28
4.011042550475743695e+01 7.069823379855969796e+28
4.045385764063510692e+01 6.831645625137647267e+28
4.080023029959307479e+01 6.869987679140400103e+28
4.114956865887903348e+01 6.576652239212769392e+28
4.150189811131257045e+01 6.555588497525166047e+28
4.185724426713071722e+01 6.515811719213359913e+28
4.221563295584988396e+01 6.445925652007444125e+28
4.257709022814283628e+01 6.330264102681519330e+28
4.294164235773251193e+01 6.173289849178930790e+28
4.330931584330213724e+01 6.289400572238400208e+28
4.368013741042078379e+01 5.986202034202144747e+28
4.405413401348637592e+01 5.940138770575401304e+28
4.443133283768480624e+01 5.812114070813645909e+28
4.481176130096629606e+01 5.939601570449660733e+28
4.519544705603787094e+01 5.611321823019720607e+28
4.558241799237362812e+01 5.542850581453824509e+28
4.597270223824224900e+01 5.422329064721028595e+28
4.636632816275105284e+01 5.340342620308372735e+28
4.676332437790848218e+01 5.268342516775747660e+28
4.716371974070364814e+01 5.347070315426884013e+28
4.756754335520429322e+01 5.037165581406320347e+28
4.797482457467164352e+01 5.025196330632729937e+28
4.838559300369480809e+01 4.996320644465506884e+28
4.879987850034206076e+01 4.748786547990688712e+28
4.921771117833147002e+01 4.744039707831073716e+28
4.963912140921970462e+01 4.729815393569528144e+28
5.006413982461003087e+01 4.646983826845588822e+28
5.049279731837830809e+01 4.493990122057269396e+28
5.092512504891890046e+01 4.489299052184568576e+28
5.136115444140983044e+01 4.411521894219691287e+28
5.180091719009642048e+01 4.283845176606135604e+28
5.224444526059549077e+01 4.196204570576186562e+28
5.269177089221868471e+01 4.230886437318364542e+28
5.314292660031632209e+01 4.041858105172585647e+28
5.359794517864023078e+01 4.086139988263919109e+28
5.405685970172779520e+01 3.920712678046900746e+28
5.451970352730643299e+01 3.895309878912640965e+28
5.498651029871762574e+01 3.861579795582063466e+28
5.545731394736286290e+01 3.846975475583805105e+28
5.593214869516983612e+01 3.917983055356314672e+28
5.641104905708039041e+01 3.859526446295284380e+28
5.689404984355859796e+01 3.782728078853807254e+28
5.738118616312198128e+01 3.714059918742686343e+28
5.787249342489269566e+01 3.652157987197273360e+28
5.836800734117176859e+01 3.594986803008551432e+28
5.886776393003492558e+01 3.571049514769125182e+28
5.937179951795051380e+01 3.556479766762692068e+28
5.988015074242051128e+01 3.561096718332692505e+28
6.039285455464278130e+01 3.574885254774926104e+28
6.090994822219801108e+01 3.604985930497570845e+28
6.143146933175772517e+01 3.572458546013753972e+28
6.195745579181689777e+01 3.522414722602769508e+28
6.248794583544923142e+01 3.527893732817682149e+28
6.302297802308675045e+01 3.512243000960493783e+28
6.356259124532191862e+01 3.476304331025229161e+28
6.410682472573492419e+01 3.510245385950901785e+28
6.465571802374516608e+01 3.542027397976433735e+28
6.520931103748597479e+01 3.512469371877664230e+28
6.576764400670528232e+01 3.486970578294401272e+28
6.633075751569028000e+01 3.466808330401050183e+28
6.689869249621800407e+01 3.507724274232941636e+28
6.747149023052962491e+01 3.584875812872585670e+28
6.804919235433226277e+01 3.579927416744481516e+28
6.863184085982450711e+01 3.553418767791879959e+28
6.921947809874924928e+01 3.538313713046958166e+28
6.981214678547205210e+01 3.523823885835931015e+28
7.040989000008582366e+01 3.513719739478088057e+28
7.101275119154288973e+01 3.504059653286393965e+28
7.162077418081207725e+01 3.496302837281588965e+28
7.223400316406525690e+01 3.488716761604296913e+28
7.285248271588883995e+01 3.482285694665832533e+28
7.347625779252440736e+01 3.476020629236468196e+28
7.410537373513621162e+01 3.470293501354676017e+28
7.473987627310751236e+01 3.464718606563450393e+28
7.537981152736374213e+01 3.459387629576483278e+28
7.602522601372537281e+01 3.504973722168865321e+28
7.667616664628950218e+01 3.599203763906087647e+28
7.733268074083908061e+01 3.631757359702158598e+28
7.799481601828281896e+01 3.615307426597912197e+28
7.866262060812364609e+01 3.602041084006616474e+28
7.933614305195774818e+01 3.590729636970424602e+28
8.001543230700205811e+01 3.580815955893316890e+28
8.070053774965336402e+01 3.571582874202233689e+28
8.139150917907787175e+01 3.563191612124965405e+28
8.208839682082999900e+01 3.555263240452733818e+28
8.279125133050392549e+01 3.547928476467766352e+28
8.350012379741525592e+01 3.541032926483940955e+28
8.421506574831533953e+01 3.534412712127780732e+28
8.493612915113544659e+01 3.528436520920355948e+28
8.566336641876561941e+01 3.522412500922012422e+28
8.639683041286328091e+01 3.517183077699720959e+28
8.713657444769630445e+01 3.512008664570903235e+28
8.788265229401800127e+01 3.526278346784458166e+28
8.863511818297639877e+01 3.587348818414639668e+28
8.939402681005508100e+01 3.649315024784427599e+28
9.015943333904944268e+01 3.674046625873644112e+28
9.093139340607704924e+01 3.664024232379725989e+28
9.170996312362058234e+01 3.653924278366287640e+28
9.249519908460733575e+01 3.645650312191170345e+28
9.328715836652244775e+01 3.639019600969394314e+28
9.408589853555859861e+01 3.632335253420603616e+28
9.489147765079916041e+01 3.625985733945919093e+28
9.570395426843906250e+01 3.621080535441960098e+28
9.652338744604170984e+01 3.616134763541869310e+28
9.734983674683056165e+01 3.611148096357204466e+28
9.818336224401956258e+01 3.606825676633682537e+28
9.902402452517925724e+01 3.602993293724960298e+28
9.987188469664167201e+01 3.599128788572739279e+28
1.007270043879405961e+02 3.595231899234017135e+28
1.015894457562929745e+02 3.591891191506497266e+28
1.024592714911155440e+02 3.588834210775407582e+28
1.033365448185824533e+02 3.585751398916586640e+28
1.042213295062209539e+02 3.582642541177672253e+28
1.051136898675459292e+02 3.579628327362245274e+28
1.060136907667370707e+02 3.577274494177996017e+28
1.069213976233489234e+02 3.574900647203494528e+28
1.078368764170721903e+02 3.572506617498795471e+28
1.087601936925248793e+02 3.570092235167336175e+28
1.096914165640915968e+02 3.567657328834764159e+28
1.106306127208013947e+02 3.565201725912479959e+28
1.115778504312476542e+02 3.577266089341733092e+28
1.125331985485521500e+02 3.595629593682074629e+28
1.134967265153672002e+02 3.614185570040900234e+28
1.144685043689250818e+02 3.632936244952446611e+28
1.154486027461285289e+02 3.651883871541568260e+28
1.164370928886851999e+02 3.671030739497930378e+28
1.174340466482860421e+02 3.690379157970326361e+28
1.184395364918277522e+02 3.709931475243386165e+28
1.194536355066820335e+02 3.729690061591010009e+28
1.204764174060053676e+02 3.732343318164880716e+28
1.215079565340990655e+02 3.727618558322422987e+28
1.225483278718127167e+02 3.723123813781258381e+28
1.235976070419943653e+02 3.718877050967656066e+28
1.246558703149874958e+02 3.714993442535728050e+28
1.257231946141744743e+02 3.711157401129302511e+28
1.267996575215699551e+02 3.707765819017426358e+28
1.278853372834572042e+02 3.704471279268617907e+28
1.289803128160776566e+02 3.701149212143424749e+28
1.300846637113668010e+02 3.698342568797101101e+28
1.311984702427394609e+02 3.695652221458326056e+28
1.323218133709247581e+02 3.692939209774006373e+28
1.334547747498506283e+02 3.690203347011874486e+28
1.345974367325810590e+02 3.687747039086078391e+28
1.357498823772990022e+02 3.685657415079475992e+28
1.369121954533460439e+02 3.683550046556973347e+28
1.380844604473107324e+02 3.681424784472147055e+28
1.392667625691698845e+02 3.679281477870505867e+28
1.404591877584822726e+02 3.677119975522794977e+28
1.416618226906348923e+02 3.675061631567456806e+28
1.428747547831456473e+02 3.673490817058030573e+28
1.440980722020138671e+02 3.671906577593597348e+28
1.453318638681316202e+02 3.670308798658623837e+28
1.465762194637462130e+02 3.668697364978986293e+28
1.478312294389788804e+02 3.667072160263435308e+28
1.490969850184021652e+02 3.665433066945061485e+28
1.503735782076643090e+02 3.663779966829227085e+28
1.516611018001854916e+02 3.662112740576066372e+28
1.529596493838962203e+02 3.660603439740558349e+28
1.542693153480429942e+02 3.659330897353139628e+28
1.555901948900486786e+02 3.658047439705453587e+28
1.569223840224318280e+02 3.656752973285912930e+28
1.582659795797885351e+02 3.655447403410715506e+28
1.596210792258244453e+02 3.654130634903978014e+28
1.609877814604625712e+02 3.652802571417476950e+28
1.623661856269960424e+02 3.651463116208021808e+28
1.637563919193125059e+02 3.650112171262805886e+28
1.651585013891762515e+02 3.648749637979605966e+28
1.665726159535729494e+02 3.647375416875219096e+28
1.679988384021205547e+02 3.645989407682607962e+28
1.694372724045367136e+02 3.649487881223138828e+28
1.708880225181771095e+02 3.662009749314751046e+28
1.723511941956349744e+02 3.674655189753103179e+28
1.738268937924061106e+02 3.687425534258085446e+28
1.753152285746198231e+02 3.700322131294497488e+28
1.768163067268351085e+02 3.713346344485414383e+28
1.783302373599073576e+02 3.726499556230121746e+28
1.798571305189150280e+02 3.739783161775712633e+28
1.813970971911616061e+02 3.753198577189437454e+28
1.829502493142423418e+02 3.766747232556864231e+28
1.845166997841808154e+02 3.780430577363087303e+28
1.860965624636350526e+02 3.794250077165624051e+28
1.876899521901734715e+02 3.808207215499965301e+28
1.892969847846250104e+02 3.822303494923982515e+28
1.909177770594936021e+02 3.836540435435033020e+28
1.925524468274520302e+02 3.850919574634993194e+28
1.942011129099047650e+02 3.860095274146617113e+28
1.958638951456248947e+02 3.857817731174270293e+28
1.975409143994650663e+02 3.855520866073710363e+28
1.992322925711420112e+02 3.853204516856419840e+28
2.009381526041006509e+02 3.850868520131912435e+28
2.026586184944455908e+02 3.848512710973058272e+28
2.043938152999576232e+02 3.846136923329045944e+28
2.061438691491830184e+02 3.843740989753734970e+28
2.079089072506007483e+02 3.841324741134189452e+28
2.096890579018734684e+02 3.838888007651268170e+28
2.114844504991636711e+02 3.836430617413063128e+28
2.132952155465513044e+02 3.833952397552449213e+28
2.151214846655107067e+02 3.831453173408313514e+28
2.169633906044818161e+02 3.828932769486083395e+28
2.188210672485189150e+02 3.826391008365472093e+28
2.206946496290214554e+02 3.823827711250565697e+28
2.225842739335538454e+02 3.821242698109265416e+28
2.244900775157346686e+02 3.818635787265603178e+28
2.264121989052334811e+02 3.816006795676132908e+28
2.283507778178301919e+02 3.813355538795979662e+28
2.303059551655754547e+02 3.810681830445018071e+28
2.322778730670322602e+02 3.809383451631669882e+28
2.342666748576054943e+02 3.808546522292257366e+28
2.362725050999654002e+02 3.807702340847093445e+28
2.382955095945451660e+02 3.806850843719703085e+28
2.403358353901522548e+02 3.805991966828369829e+28
2.423936307946466684e+02 3.805125645501228423e+28
2.444690453857259058e+02 3.804251814475496926e+28
2.465622300217966085e+02 3.803370407938841650e+28
2.486733368529392010e+02 3.802481359402244591e+28
2.508025193319713537e+02 3.801584601951914739e+28
2.529499322255963705e+02 3.800680067869430998e+28
2.551157316256567640e+02 3.799767688967894114e+28
2.573000749604794350e+02 3.798847396380459809e+28
2.595031210063186222e+02 3.797919120728054760e+28
2.617250298988975601e+02 3.796982791865714874e+28
2.639659631450468282e+02 3.796038339134514623e+28
2.662260836344487984e+02 3.795085691150021449e+28
2.685055556514710133e+02 3.794124775927776431e+28
2.708045448871123426e+02 3.793155520924645593e+28
2.731232184510453180e+02 3.792177852784875384e+28
2.754617448837635720e+02 3.791191697634313629e+28
2.778202941688322198e+02 3.790196980826490957e+28
2.801990377452429470e+02 3.789193627152464351e+28
2.825981485198800556e+02 3.788181560586822046e+28
2.850178008800818361e+02 3.787160704539721942e+28
2.874581707063210843e+02 3.786849629066788141e+28
2.899194353849886738e+02 3.787632408252482558e+28
2.924017738212869517e+02 3.788421990402571973e+28
2.949053664522347731e+02 3.789218435554426030e+28
2.974303952597811076e+02 3.790021804179336637e+28
2.999770437840386421e+02 3.790832157374301822e+28
3.025454971366173140e+02 3.791649556767602310e+28
3.051359420140844350e+02 3.792474064583469963e+28
3.077485667115347496e+02 3.793305743547572880e+28
3.103835611362753752e+02 3.794144656983559991e+28
3.130411168216365922e+02 3.794990868814120551e+28
3.157214269408800646e+02 3.795844443498397296e+28
3.184246863212578660e+02 3.796705446128548636e+28
3.211510914581603515e+02 3.797573942367223385e+28
3.239008405294054000e+02 3.798449998416802580e+28
3.266741334096422520e+02 3.799333681211674605e+28
3.294711716848789251e+02 3.800225058196429384e+28
3.322921586671416776e+02 3.801124197454468261e+28
3.351372994092387216e+02 3.802031167677313987e+28
3.380068007196839517e+02 3.802946038229655194e+28
3.409008711777148619e+02 3.803868879086814526e+28
3.438197211484604736e+02 3.804799760804103932e+28
3.467635627982306232e+02 3.805738754709489891e+28
3.497326101099375819e+02 3.806685932649768511e+28
3.527270788986547245e+02 3.807641367215139902e+28
3.557471868272958204e+02 3.808605131613022061e+28
3.587931534224423444e+02 3.809577299765117961e+28
3.618652000902985719e+02 3.810557946245030141e+28
3.649635501327857128e+02 3.811547146279680392e+28
3.680884287637732655e+02 3.812544975878460154e+28
3.712400631254475343e+02 3.813110436308368628e+28
3.744186823048288488e+02 3.812979254747579957e+28
3.776245173504139530e+02 3.812846840211648259e+28
3.808578012889769866e+02 3.812713180273217139e+28
3.841187691425059256e+02 3.812578262358115489e+28
3.874076579452861324e+02 3.812442073752520594e+28
3.907247067611300508e+02 3.812304601601988357e+28
3.940701567007524773e+02 3.812165832918653783e+28
3.974442509393032879e+02 3.812025754555318570e+28
4.008472347340334068e+02 3.811884353220914636e+28
4.042793554421290310e+02 3.811741615479411210e+28
4.077408625386893846e+02 3.811597527740389374e+28
4.112320076348613043e+02 3.811452076262034497e+28
4.147530444961279272e+02 3.811305247145827352e+28
4.183042290607530163e+02 3.811157026339499162e+28
4.218858194583914951e+02 3.811007399631695013e+28
4.254980760288422061e+02 3.810856352650725245e+28
4.291412613409783035e+02 3.810703870854939013e+28
4.328156402118314645e+02 3.810549939544054529e+28
4.365214797258405497e+02 3.810394543853613568e+28
4.402590492542661309e+02 3.810237668741176440e+28
4.440286204747683314e+02 3.810079299005927162e+28
4.478304673911621308e+02 3.809919419262120689e+28
4.516648663533232479e+02 3.809758013950325645e+28
4.555320960772828585e+02 3.809595067340215759e+28
4.594324376654851108e+02 3.809430563512319295e+28
4.633661746272181858e+02 3.809264486373432442e+28
4.673335928992316894e+02 3.809096819634021273e+28
4.713349808664996203e+02 3.808927546827859465e+28
4.753706293832096321e+02 3.808756651297845036e+28
4.794408317938838877e+02 3.808584116190190524e+28
4.835458839547105185e+02 3.808409924457073255e+28
4.876860842550481721e+02 3.808234058859328263e+28
4.918617336391122876e+02 3.808056501956282204e+28
4.960731356278611202e+02 3.808288899965574589e+28
5.003205963410356958e+02 3.810402673546458602e+28
5.046044245194393056e+02 3.812535245052593496e+28
5.089249315473570618e+02 3.814686787514066960e+28
5.132824314752004966e+02 3.816857475770192835e+28
5.176772410423328665e+02 3.819047486177422771e+28
5.221096797000903962e+02 3.821256997064681263e+28
5.265800696350111139e+02 3.823486188291948232e+28
5.310887357922415504e+02 3.825735241656201800e+28
5.356360058991646156e+02 3.828004340599543691e+28
5.402222104892197194e+02 3.830293670465997649e+28
5.448476829259284386e+02 3.832603418359420429e+28
5.495127594271266389e+02 3.834933773300951421e+28
5.542177790894003238e+02 3.837284926137001125e+28
5.589630839127441959e+02 3.839657069547144318e+28
5.637490188254067789e+02 3.842050398202166057e+28
5.685759317089721208e+02 3.844465108672394077e+28
5.734441734236440880e+02 3.846901399436037924e+28
5.783540978337497336e+02 3.849359470987784641e+28
5.833060618334620813e+02 3.851839525797491879e+28
5.883004253727382320e+02 3.854341768369096203e+28
5.933375514834943942e+02 3.856866405149389260e+28
5.984178063059791839e+02 3.859413644737603603e+28
6.035415591153969217e+02 3.861983697794538492e+28
6.087091823487482998e+02 3.864576777052038571e+28
6.139210516319011504e+02 3.867193097422957337e+28
6.191775458068944999e+02 3.869832875910648867e+28
6.244790469594736351e+02 3.872496331719311726e+28
6.298259404468727780e+02 3.874355584663237708e+28
6.352186149258117212e+02 3.876141133315761742e+28
6.406574623807561011e+02 3.877942483527541025e+28
6.461428781524076612e+02 3.879759779471374523e+28
6.516752609664408737e+02 3.881593166714079221e+28
6.572550129624863757e+02 3.883442792254594351e+28
6.628825397233578087e+02 3.885308804462834041e+28
6.685582503045447993e+02 3.887191353217397621e+28
6.742825572639301299e+02 3.889090589778257172e+28
6.800558766917881712e+02 3.891006666858362568e+28
6.858786282410277408e+02 3.892939738695444414e+28
6.917512351576925766e+02 3.894889961057643551e+28
6.976741243117411386e+02 3.896857491083055806e+28
7.036477262280432114e+02 3.898842487584383789e+28
7.096724751177143844e+02 3.900845110855464635e+28
7.157488089096465274e+02 3.902865522743651289e+28
7.218771692823542026e+02 3.904903886689109055e+28
7.280580016960773264e+02 3.906960367697676127e+28
7.342917554251570209e+02 3.909035132413653022e+28
7.405788835907085286e+02 3.911128349126214048e+28
7.469198431935237750e+02 3.913240187709259185e+28
7.533150951473334089e+02 3.915370819727893864e+28
7.597651043122752981e+02 3.917520418478478464e+28
7.662703395287006742e+02 3.919689158862155883e+28
7.728312736512494894e+02 3.921877217591759397e+28
7.794483835832189698e+02 3.924084772998854087e+28
7.861221503112409437e+02 3.926312005274320538e+28
7.928530589402251962e+02 3.928559096342318700e+28
7.996415987286341078e+02 3.930826229934429281e+28
8.064882631240419641e+02 3.933113591563873710e+28
8.133935497990033809e+02 3.935421368599946682e+28
8.203579606872282284e+02 3.937807180127095248e+28
8.273820020200629415e+02 3.940645542203530645e+28
8.344661843633009539e+02 3.943509451400135413e+28
8.416110226542749615e+02 3.946399148025896921e+28
8.488170362393001369e+02 3.949314874862231674e+28
8.560847489114212294e+02 3.952256877256322416e+28
8.634146889484859457e+02 3.955225402890685999e+28
8.708073891515450669e+02 3.958220702119692556e+28
8.782633868835770272e+02 3.961243027658438009e+28
8.857832241085619671e+02 3.964292634960475574e+28
8.933674474308553499e+02 3.967369782028605206e+28
9.010166081349333354e+02 3.970474729509540225e+28
9.087312622254618191e+02 3.973607740707694756e+28
9.165119704677108530e+02 3.976769081639891909e+28
9.243592984283162650e+02 3.979959020968353379e+28
9.322738165163852955e+02 3.983177830259158572e+28
9.402561000249747849e+02 3.986425783753210172e+28
9.483067291728847295e+02 3.989703158584599788e+28
9.564262891468488306e+02 3.993010234633179282e+28
9.646153701440669010e+02 3.996347294825244647e+28
9.728745674151016374e+02 3.999714624905097960e+28
9.812044813071656790e+02 4.003112513573399367e+28
9.896057173077166453e+02 4.006541252544404137e+28
9.980788860885245413e+02 4.010001136562851164e+28
1.006624603550016559e+03 4.013492463420936789e+28
1.015243490866065486e+03 4.017015533975692357e+28
1.023936174529138952e+03 4.020570652248374793e+28
1.032703286395832265e+03 4.024158125483418898e+28
1.041545463732819144e+03 4.027778264003106538e+28
1.050463349263127384e+03 4.031431381512638902e+28
1.059457591212915531e+03 4.035117794832490743e+28
1.068528843358545373e+03 4.038837824286398121e+28
1.077677765074125091e+03 4.042591793393193446e+28
1.086905021379433492e+03 4.046380029173747780e+28
1.096211282988255107e+03 4.050202862048328348e+28
1.105597226357155023e+03 4.054060625939406396e+28
1.115063533734600924e+03 4.056782611755250418e+28
1.124610893210616723e+03 4.059407520996360921e+28
1.134239998766749750e+03 4.062055949743417639e+28
1.143951550326537244e+03 4.064728117479901687e+28
1.153746253806377126e+03 4.067424245969825551e+28
1.163624821166838274e+03 4.070144559130435151e+28
1.173587970464426689e+03 4.072889283125130009e+28
1.183636425903754798e+03 4.075658646401637412e+28
1.193770917890199144e+03 4.078452879730384490e+28
1.203992183082989413e+03 4.081272216160366456e+28
1.214300964448753803e+03 4.084116891085404936e+28
1.224698011315523900e+03 4.086987142338360287e+28
1.235184079427198412e+03 4.089883210064708862e+28
1.245759930998495520e+03 4.092805336899929429e+28
1.256426334770328140e+03 4.095753767898669106e+28
1.267184066065700563e+03 4.098728750602183013e+28
1.278033906846062791e+03 4.101730535050762264e+28
1.288976645768148956e+03 4.104759373907020015e+28
1.300013078241302310e+03 4.107815522247402062e+28
1.311144006485288855e+03 4.110899237907394796e+28
1.322370239588628692e+03 4.114010781217984574e+28
1.333692593567377799e+03 4.117150415240776410e+28
1.345111891424461646e+03 4.120318405670963393e+28
1.356628963209493804e+03 4.123515020990006627e+28
1.368244646079110908e+03 4.126740532369025987e+28
1.379959784357823992e+03 4.129995213766464899e+28
1.391775229599385511e+03 4.133279341942960129e+28
1.403691840648709558e+03 4.127904064916233508e+28
1.415710483704266153e+03 4.119897773975755218e+28
1.427832032381066256e+03 4.111823268492681505e+28
1.440057367774159047e+03 4.103679984099755036e+28
1.452387378522668314e+03 4.095467352342801210e+28
1.464822960874419323e+03 4.087184800511369064e+28
1.477365018751017260e+03 4.078831751936660224e+28
1.490014463813637576e+03 4.070407625757485096e+28
1.502772215529225150e+03 4.061911836820532769e+28
1.515639201237360794e+03 4.053343795914650549e+28
1.528616356217660723e+03 4.044702909606555813e+28
1.541704623757754007e+03 4.035988580277506046e+28
1.554904955221881892e+03 4.027200206227584432e+28
1.568218310119978469e+03 4.018337181315206940e+28
1.581645656177507362e+03 4.009398895330102178e+28
1.595187969405732929e+03 4.000384733901526796e+28
1.608846234172695631e+03 3.991294078274642417e+28
1.622621443274760168e+03 3.982126305620710737e+28
1.636514598008771600e+03 3.972880788816140945e+28
1.650526708244865404e+03 3.963556896489221604e+28
1.664658792499832543e+03 3.954153993001691080e+28
1.678911878011181898e+03 3.944671438631426238e+28
1.693287000811799771e+03 3.943998751068251903e+28
1.707785205805258784e+03 3.946763928859375631e+28
1.722407546841769999e+03 3.949553804378074697e+28
1.737155086794777844e+03 3.952368606869897857e+28
1.752028897638247599e+03 3.955208567795686378e+28
1.767030060524542250e+03 3.958073920975270090e+28
1.782159665863038981e+03 3.960964902521293499e+28
1.797418813399380724e+03 3.963881750868685779e+28
1.812808612295415969e+03 3.966824706880794866e+28
1.828330181209821149e+03 3.969794013783710113e+28
1.843984648379407417e+03 3.972789917253710849e+28
1.859773151701158895e+03 3.975812665390128229e+28
1.875696838814901866e+03 3.978862508803248115e+28
1.891756867186751379e+03 3.981939700606744672e+28
1.907954404193241089e+03 3.985044496429425793e+28
1.924290627206177078e+03 3.988177154484599971e+28
1.940766723678217204e+03 3.991337935582384666e+28
1.957383891229180108e+03 3.994527103122786424e+28
1.974143337733127737e+03 3.997795364190638724e+28
1.991046281406116805e+03 4.001371102213583194e+28
2.008093950894780619e+03 4.004979255157071269e+28
2.025287585365629184e+03 4.008620131914564178e+28
2.042628434595122599e+03 4.012294044550511168e+28
2.060117759060514800e+03 4.016001308402933933e+28
2.077756830031467416e+03 4.019742242016832281e+28
2.095546929662488765e+03 4.023517167332213809e+28
2.113489351086083843e+03 4.027326409533259386e+28
2.131585398506780166e+03 4.031170297258365055e+28
2.149836387295921668e+03 4.035049162556016432e+28
2.168243644087272060e+03 4.038963340925795215e+28
2.186808506873489932e+03 4.042913171381123469e+28
2.205532325103286439e+03 4.046898996469674967e+28
2.224416459779639354e+03 4.050921162358255723e+28
2.243462283558625131e+03 4.054980018811433888e+28
2.262671180849240045e+03 4.059171649991111723e+28
2.282044547914018040e+03 4.063925527226968201e+28
2.301583792970517607e+03 4.068723434871809731e+28
2.321290336293727250e+03 4.073565808114878899e+28
2.341165610319200368e+03 4.078453086932750851e+28
2.361211059747307900e+03 4.083385716098301791e+28
2.381428141648147630e+03 4.088364145263867244e+28
2.401818325567503507e+03 4.093388829020518928e+28
2.422383093633654880e+03 4.098460226883981327e+28
2.443123940665101145e+03 4.103578803552411754e+28
2.464042374279254091e+03 4.108745028721019173e+28
2.485139915001968347e+03 4.113959377341240197e+28
2.506418096378104110e+03 4.119222329609400048e+28
2.527878465082986168e+03 4.124534371005152361e+28
2.549522581034832001e+03 4.130033311160553788e+28
2.571352017508137578e+03 4.136879006556977179e+28
2.593368361248027213e+03 4.143790355380396903e+28
2.615573212585632518e+03 4.150768043892496049e+28
2.637968185554353113e+03 4.157812766346951487e+28
2.660554908007224185e+03 4.164925225218787596e+28
2.683335021735227656e+03 4.172106131341246989e+28
2.706310182586633346e+03 4.179356203949415615e+28
2.729482060587359229e+03 4.186676170756519190e+28
2.752852340062352596e+03 4.194066768189578449e+28
2.776422719758064886e+03 4.201528741405535900e+28
2.800194912965861931e+03 4.209062844466806489e+28
2.824170647646608359e+03 4.216669840423460379e+28
2.848351666556255623e+03 4.212679038661912791e+28
2.872739727372523248e+03 4.199528405146637913e+28
2.897336602822658733e+03 4.186261981628823479e+28
2.922144080812282027e+03 4.172878797708990438e+28
2.947163964555397342e+03 4.159377877209769237e+28
2.972398072705389040e+03 4.145758238245824359e+28
2.997848239487266710e+03 4.132018893028540601e+28
3.023516314830979354e+03 4.118158848269205186e+28
3.049404164505884637e+03 4.104177104939511266e+28
3.075513670256367732e+03 4.090072658577040073e+28
3.101846729938609315e+03 4.075844499326197936e+28
3.128405257658588198e+03 4.068155107506633006e+28
3.155191183911140342e+03 4.079651323989718430e+28
3.182206455720329814e+03 4.091265586511713496e+28
3.209453036780967068e+03 4.102999256594593853e+28
3.236932907601329589e+03 4.114853713749621692e+28
3.264648065647190379e+03 4.126830355860787676e+28
3.292600525486862352e+03 4.138930599443511068e+28
3.320792318937820710e+03 4.151155879733718647e+28
3.349225495214247985e+03 4.163507651300825960e+28
3.377902121076051571e+03 4.175987388058731556e+28
3.406824280979081777e+03 4.188596583670897301e+28
3.435994077226631362e+03 4.198783408471290190e+28
3.465413630122321138e+03 4.208982621080596795e+28
3.495085078124065149e+03 4.219284522438493513e+28
3.525010577999708858e+03 4.229690265555461830e+28
3.555192304983645954e+03 4.240201018246065513e+28
3.585632452935003130e+03 4.250817963361981107e+28
3.616333234497094054e+03 4.261542299098109006e+28
3.647296881258237136e+03 4.272375239057636395e+28
3.678525643914027114e+03 4.283318012564331099e+28
3.710021792430842652e+03 4.279942498262375678e+28
3.741787616210907800e+03 4.263246207597458252e+28
3.773825424258689509e+03 4.246400313935373756e+28
3.806137545348734420e+03 4.229403580680963795e+28
3.838726328194945381e+03 4.212254765648443889e+28
3.871594141621286781e+03 4.194952621748645748e+28
3.904743374734037388e+03 4.177495896739632195e+28
3.938176437095352867e+03 4.159883333619309900e+28
3.971895758898475833e+03 4.142113670871357588e+28
4.005903791144369734e+03 4.150684676260013314e+28
4.040203005819874761e+03 4.166530996627604693e+28
4.074795896077393536e+03 4.182549318427604478e+28
4.109684976416098834e+03 4.198741772396452830e+28
4.144872782864771580e+03 4.215110519818974133e+28
4.180361873166044461e+03 4.231657752749161570e+28
4.216154826962386323e+03 4.248385694749870490e+28
4.252254245983589499e+03 4.265296601268861943e+28
4.288662754235894681e+03 4.278791473997980826e+28
4.325382998192716514e+03 4.290743082483951174e+28
4.362417646986999898e+03 4.302817694944878960e+28
4.399769392605302528e+03 4.315016735008718339e+28
4.437440950083365351e+03 4.327341645264453110e+28
4.475435057703534767e+03 4.339793887485824459e+28
4.513754477193787352e+03 4.352374943022897837e+28
4.552401993928454431e+03 4.326152892232568893e+28
4.591380417130780188e+03 4.190298313599699915e+28
4.630692580076914055e+03 4.206233483875329324e+28
4.670341340302119534e+03 4.219226789386745061e+28
4.710329579808277231e+03 4.230758678005767018e+28
4.750660205273467000e+03 4.252716379737479990e+28
4.791336148263226278e+03 4.282406384453375259e+28
4.832360365443630144e+03 4.312462707619706075e+28
4.873735838796294956e+03 4.337805957294393610e+28
4.915465575834922674e+03 4.362494340608261924e+28
4.957552609824187130e+03 4.387474778165603024e+28
4.999999999999999091e+03 4.412751258190752170e+28
