# Age[Myr]   Lxuv[erg.s-1]
1.000000000000000000e+00 6.568354404616390872e+30
1.008562166358395462e+00 6.534502535998398193e+30
1.017197643409537555e+00 6.500347973761445745e+30
1.025907058851777798e+00 6.467058636363166430e+30
1.034691045757918815e+00 6.434318914461560426e+30
1.043550242621240409e+00 6.401282363153057762e+30
1.052485293401905109e+00 6.367946435078674235e+30
1.061496847573776714e+00 6.334999607698863631e+30
1.070585560171615880e+00 6.302148798580339755e+30
1.079752091838698913e+00 6.268995077809447839e+30
1.088997108874847131e+00 6.235535130236683355e+30
1.098321283284845240e+00 6.203048195597490014e+30
1.107725292827294261e+00 6.170822354203244343e+30
1.117209821063883890e+00 6.138291310499717704e+30
1.126775557409066097e+00 6.105451780291735679e+30
1.136423197180176148e+00 6.074207464943543159e+30
1.146153441647970173e+00 6.042894640491233311e+30
1.155966998087607278e+00 6.011278506027179477e+30
1.165864579830048431e+00 5.979684935842800178e+30
1.175846906313911866e+00 5.949766687718437139e+30
1.185914703137776138e+00 5.919547358096799840e+30
1.196068702112908611e+00 5.889024106989451214e+30
1.206309641316467118e+00 5.858982740064230662e+30
1.216638265145154829e+00 5.829942504829019212e+30
1.227055324369317413e+00 5.800592430310859509e+30
1.237561576187522494e+00 5.770928790178196325e+30
1.248157784281595406e+00 5.742389164598180191e+30
1.258844718872140556e+00 5.714410034809510888e+30
1.269623156774511319e+00 5.686094701477129255e+30
1.280493881455283312e+00 5.657440477421742186e+30
1.291457683089210828e+00 5.632092690121936859e+30
1.302515358616648466e+00 5.606729408738945356e+30
1.313667711801486782e+00 5.580988645125718854e+30
1.324915553289583547e+00 5.557969157290226337e+30
1.336259700667674633e+00 5.541442665236358514e+30
1.347700978522810900e+00 5.524264706919041779e+30
1.359240218502292707e+00 5.506442115682043986e+30
1.370878259374130881e+00 5.472682063556031076e+30
1.382615947087999952e+00 5.431535147626044934e+30
1.394454134836734971e+00 5.390033095249157171e+30
1.406393683118359439e+00 5.348163022918956018e+30
1.418435459798615295e+00 5.305790265242397606e+30
1.430580340174055110e+00 5.263005940387593164e+30
1.442829207035675187e+00 5.219801109089555052e+30
1.455182950733066471e+00 5.178780929200829635e+30
1.467642469239143654e+00 5.140833991349207064e+30
1.480208668215412304e+00 5.102569654221585219e+30
1.492882461077811751e+00 5.063984519624142840e+30
1.505664769063090658e+00 5.027608069464690216e+30
1.518556521295780781e+00 4.991665042332247157e+30
1.531558654855741386e+00 4.955430961986291795e+30
1.544672114846256550e+00 4.919068276564746368e+30
1.557897854462741538e+00 4.883850460502041383e+30
1.571236835062038928e+00 4.848343499955074207e+30
1.584690026232278726e+00 4.812543927418169530e+30
1.598258405863369536e+00 4.778053013801838416e+30
1.611942960218072152e+00 4.745622805200187746e+30
1.625744684003703755e+00 4.712946244945461701e+30
1.639664580444420539e+00 4.680021604632052298e+30
1.653703661354150922e+00 4.647099514214717564e+30
1.667862947210152713e+00 4.614026493833768358e+30
1.682143467227169564e+00 4.580696815180778535e+30
1.696546259432256676e+00 4.547395358869031773e+30
1.711072370740225557e+00 4.515165566156238884e+30
1.725722857029757362e+00 4.482684637477665258e+30
1.740498783220131740e+00 4.449950910619577985e+30
1.755401223348643569e+00 4.418615111496594547e+30
1.770431260648685612e+00 4.387971564541410445e+30
1.785589987628463104e+00 4.357093471694241786e+30
1.800878506150419556e+00 4.326220436716566868e+30
1.816297927511338228e+00 4.297509180957090319e+30
1.831849372523099095e+00 4.268579509508000981e+30
1.847533971594160329e+00 4.239430340347581501e+30
1.863352864811736564e+00 4.211814744833799236e+30
1.879307202024647294e+00 4.185526705491998835e+30
1.895398142926912888e+00 4.159033685216463895e+30
1.911626857142043168e+00 4.132334072020556658e+30
1.927994524308069613e+00 4.106134301645948648e+30
1.944502334163270785e+00 4.079760647065238622e+30
1.961151486632660923e+00 4.053184807834924488e+30
1.977943191915224386e+00 4.026054366478391377e+30
1.994878670571857970e+00 3.998140937444134912e+30
2.011959153614109042e+00 3.970010787403447679e+30
2.029185882593645296e+00 3.941662467135414207e+30
2.046560109692519447e+00 3.914142690090728201e+30
2.064083097814162659e+00 3.886695041264502095e+30
2.081756120675195554e+00 3.859034983663890662e+30
2.099580462898024358e+00 3.799082240985659057e+30
2.117557420104193788e+00 3.748524498623694790e+30
2.135688299008576596e+00 3.697968634601300587e+30
2.153974417514366468e+00 3.647420764863180817e+30
2.172417104808852084e+00 3.589822577912181442e+30
2.191017701460049594e+00 3.527401180302840627e+30
2.209777559514134904e+00 3.465151744555216253e+30
2.228698042593744155e+00 3.404291487646857733e+30
2.247780525997061574e+00 3.377088226858454349e+30
2.267026396797805710e+00 3.349751814226805406e+30
2.286437053946062115e+00 3.322282652496839248e+30
2.306013908369947796e+00 3.276520327351421995e+30
2.325758383078180280e+00 3.209254596026094595e+30
2.345671913263528197e+00 3.142295470614922871e+30
2.365755946407106070e+00 3.075655342036474981e+30
2.386011942383607032e+00 3.035480543141657306e+30
2.406441373567409059e+00 2.999594842750319588e+30
2.427045724939618232e+00 2.963670401847835341e+30
2.447826494195983749e+00 2.927502737579392216e+30
2.468785191855773054e+00 2.890655154522560391e+30
2.489923341371585330e+00 2.853790583516067400e+30
2.511242479240060277e+00 2.816912625515264173e+30
2.532744155113582973e+00 2.778596907200860163e+30
2.554429931912913787e+00 2.739346270646635196e+30
2.576301385940816591e+00 2.700120466982337848e+30
2.598360106996607133e+00 2.660924740158900380e+30
2.620607698491724591e+00 2.620409403327610866e+30
2.643045777566302768e+00 2.579855778136550708e+30
2.665675975206679649e+00 2.539364163161015259e+30
2.688499936363971887e+00 2.498786422248405898e+30
2.711519320073655148e+00 2.457812127196312471e+30
2.734735799576129445e+00 2.416924286133463599e+30
2.758151062438353840e+00 2.376128999375116693e+30
2.781766810676535862e+00 2.349469614462529280e+30
2.805584760879811679e+00 2.332456213129511484e+30
2.829606644335043608e+00 2.315342911163679160e+30
2.853834207152655456e+00 2.298068607938244593e+30
2.878269210393575861e+00 2.253601955776857158e+30
2.902913430197213263e+00 2.209305222134763632e+30
2.927768657910576167e+00 2.165186059057034021e+30
2.952836700218502308e+00 2.130580453884758953e+30
2.978119379274948297e+00 2.111502691112181468e+30
3.003618532835462318e+00 2.092355589995056001e+30
3.029336014390752840e+00 2.073139853826839580e+30
3.055273693301444826e+00 2.055342140497609981e+30
3.081433454933920846e+00 2.038061362792341800e+30
3.107817200797383883e+00 2.020707866878757651e+30
3.134426848682093869e+00 2.002674369721638262e+30
3.161264332798730869e+00 1.958120300823493742e+30
3.188331603919009272e+00 1.913802684120965116e+30
3.215630629517493233e+00 1.869730536977543893e+30
3.243163393914573867e+00 1.832805789814062596e+30
3.270931898420722295e+00 1.812636216139555174e+30
3.298938161481982601e+00 1.792433535719614298e+30
3.327184218826650053e+00 1.772199528768853866e+30
3.355672123613271829e+00 1.752118324058916085e+30
3.384403946579871647e+00 1.732174963455408616e+30
3.413381776194498229e+00 1.712205135640375745e+30
3.442607718806991457e+00 1.692210767516556877e+30
3.472083898802105661e+00 1.672329860833821574e+30
3.501812458753955415e+00 1.652482364219579063e+30
3.531795559581708766e+00 1.632615470899350026e+30
3.562035380706689125e+00 1.612731072789240202e+30
3.592534120210783222e+00 1.592141474581443394e+30
3.623293994996239498e+00 1.571433146272311367e+30
3.654317240946772127e+00 1.550721915738951273e+30
3.685606113090103442e+00 1.530016037364790065e+30
3.717162885761899904e+00 1.509390660058895231e+30
3.748989852771046571e+00 1.488769217362738416e+30
3.781089327566408365e+00 1.468154201337717595e+30
3.813463643404977788e+00 1.447648118847315772e+30
3.846115153521503682e+00 1.427446393167542458e+30
3.879046231299500658e+00 1.407254920309623423e+30
3.912259270443785297e+00 1.387075993070695290e+30
3.945756685154500065e+00 1.367200843312067338e+30
3.979540910302543644e+00 1.347773124654562259e+30
4.013614401606586668e+00 1.328358209189139733e+30
4.047979635811593369e+00 1.308958580482800573e+30
4.082639110868809595e+00 1.298953281150734402e+30
4.117595346117351340e+00 1.298947515297009338e+30
4.152850882467362226e+00 1.298886304802455377e+30
4.188408282584657805e+00 1.298767998349432709e+30
4.224270131077028090e+00 1.287595721946197441e+30
4.260439034682101500e+00 1.265500589266715910e+30
4.296917622456851049e+00 1.243457671595386015e+30
4.333708545968647741e+00 1.221470418265106895e+30
4.370814479488022819e+00 1.200501359652038091e+30
4.408238120183082032e+00 1.180417408636582722e+30
4.445982188315509731e+00 1.160375415628964289e+30
4.484049427438330682e+00 1.140378476484345601e+30
4.522442604595315885e+00 1.132456162678435042e+30
4.561164510522155879e+00 1.132714824536643319e+30
4.600217959849255855e+00 1.132930151733358840e+30
4.639605791306354199e+00 1.133100805395298380e+30
4.679330867928894300e+00 1.116428423264928109e+30
4.719396077266075906e+00 1.092172783314254933e+30
4.759804331590776982e+00 1.068030131507362606e+30
4.800558568111268798e+00 1.044005071964677185e+30
4.841661749184657637e+00 1.024675959976004276e+30
4.883116862532245861e+00 1.006479668552174299e+30
4.924926921456733275e+00 9.883302591489757281e+29
4.967094965061185974e+00 9.702305127470307707e+29
5.009624058469988483e+00 9.661254065442825179e+29
5.052517293051618452e+00 9.625188878865446628e+29
5.095777786643394869e+00 9.588738848786788058e+29
5.139408683778052378e+00 9.532341643707325140e+29
5.183413155912330872e+00 9.364576847517702644e+29
5.227794401657547496e+00 9.197211258710765670e+29
5.272555647012027613e+00 9.030270857101248728e+29
5.317700145595641636e+00 8.918336747525614459e+29
5.363231178886285200e+00 8.899736707736939249e+29
5.409152056458442104e+00 8.880812462453556430e+29
5.455466116223695927e+00 8.861558181335292914e+29
5.502176724673381258e+00 8.754941869225015801e+29
5.549287277123326589e+00 8.595672118177103064e+29
5.596801197960582286e+00 8.436816499538556552e+29
5.644721940892376999e+00 8.278400521692686401e+29
5.693052989197181724e+00 8.140581241470237093e+29
5.741797855977847753e+00 8.004990628885086180e+29
5.790960084416997056e+00 7.869637502636619135e+29
5.840543248034602897e+00 7.762151846993682848e+29
5.890550950947678999e+00 7.743267183773070559e+29
5.940986828132296615e+00 7.724128404755821708e+29
5.991854545687789191e+00 7.704731585298508597e+29
6.043157801103275162e+00 7.619635662707411281e+29
6.094900323526356800e+00 7.490400599232513597e+29
6.147085874034214470e+00 7.361392996920918226e+29
6.199718245907038572e+00 7.232632441530588216e+29
6.252801264903673939e+00 7.242615847226115609e+29
6.306338789539764456e+00 7.252955933567411462e+29
6.360334711368192728e+00 7.263168544071727423e+29
6.414792955262003993e+00 7.209141461410315081e+29
6.469717479699619744e+00 7.070282705666097341e+29
6.525112277052613763e+00 6.931799531513805271e+29
6.580981373875946616e+00 6.793715293689598758e+29
6.637328831200573376e+00 6.683944131906216483e+29
6.694158744828687446e+00 6.577221870003294642e+29
6.751475245631404221e+00 6.470615294353794374e+29
6.809282499849088843e+00 6.417996837036155765e+29
6.867584709394107811e+00 6.441662830853661300e+29
6.926386112156298402e+00 6.465343644704628630e+29
6.985690982311060004e+00 6.489034798134452031e+29
7.045503630629950109e+00 6.367825629808410546e+29
7.105828404794068298e+00 6.241789560698552628e+29
7.166669689710126079e+00 6.116089043523845306e+29
7.228031907829095104e+00 6.007356834879316517e+29
7.289919519467702003e+00 5.912158133135921099e+29
7.352337023132698768e+00 5.817028586899904747e+29
7.415288955847750607e+00 5.723788665990837513e+29
7.478779893483291197e+00 5.638604582447024258e+29
7.542814451089102867e+00 5.553437892701664630e+29
7.607397283229836660e+00 5.468299222789958924e+29
7.672533084323255537e+00 5.465169455455048289e+29
7.738226588981508058e+00 5.475835305315028753e+29
7.804482572355325942e+00 5.486488776820180789e+29
7.871305850481030930e+00 5.440806955733073003e+29
7.938701280630660051e+00 5.351484250106327281e+29
8.006673761665009437e+00 5.262223351674522507e+29
8.075228234389784987e+00 5.176873773326829220e+29
8.144369681914643166e+00 5.099934919223684019e+29
8.214103130015450560e+00 5.022984807648755728e+29
8.284433647499659159e+00 4.946816735047685317e+29
8.355366346574639280e+00 4.877257051989924305e+29
8.426906383219332497e+00 4.807652064811748124e+29
8.499058957559080696e+00 4.738009446358117558e+29
8.571829314243512243e+00 4.760883882113962190e+29
8.645222742827819218e+00 4.790010227200279989e+29
8.719244578157294256e+00 4.819340478288655512e+29
8.793900200755013330e+00 4.755603304340385726e+29
8.869195037213005506e+00 4.670411612608816928e+29
8.945134560586659234e+00 4.585278348785530929e+29
9.021724290792635159e+00 4.513871855261588402e+29
9.098969795009978156e+00 4.447532047923976823e+29
9.176876688084849576e+00 4.381134938331211731e+29
9.255450632938712729e+00 4.319325577859541869e+29
9.334697340979849045e+00 4.259575736880233799e+29
9.414622572518590360e+00 4.199741782235050212e+29
9.495232137185981358e+00 4.143431051703553464e+29
9.576531894356151042e+00 4.088700625037100541e+29
9.658527753572107244e+00 4.033869277651886360e+29
9.741225674975350302e+00 3.981317862504971714e+29
9.824631669739160245e+00 3.929587229934279064e+29
9.908751800505427809e+00 3.877745675198528758e+29
9.993592181825405873e+00 3.828178159546598657e+29
1.007915898060413440e+01 3.779092309157568451e+29
1.016545841654878046e+01 3.729886451124434641e+29
1.025249676262060206e+01 3.744111085710052989e+29
1.034028034549107034e+01 3.764126649263390378e+29
1.042881554600161209e+01 3.778448569667066598e+29
1.051810879962749823e+01 3.727213094733106565e+29
1.060816659694558872e+01 3.675847165417446547e+29
1.069899548410621115e+01 3.625754842024509012e+29
1.079060206330884775e+01 3.579048335990326035e+29
1.088299299328212300e+01 3.532197111171009748e+29
1.097617498976785555e+01 3.486928504723188811e+29
1.107015482600910516e+01 3.443049488083513294e+29
1.116493933324258947e+01 3.399015717452446434e+29
1.126053540119518281e+01 3.357403548157094223e+29
1.135694997858481692e+01 3.316220246791029922e+29
1.145419007362543340e+01 3.275248470711423189e+29
1.155226275453647489e+01 3.236468567150795146e+29
1.165117515005671045e+01 3.197513993317706667e+29
1.175093444996229941e+01 3.159693100359046226e+29
1.185154790558947546e+01 3.122976644705502297e+29
1.195302283036160063e+01 3.086067009471176836e+29
1.205536660032085550e+01 3.050926197873945161e+29
1.215858665466422117e+01 3.015783170728340008e+29
1.226269049628442254e+01 2.981058854280921063e+29
1.236768569231512416e+01 2.947265836872186779e+29
1.247357987468107154e+01 2.913265178727937590e+29
1.258038074065282608e+01 2.880655772426531125e+29
1.268809605340622149e+01 2.848155789378739838e+29
1.279673364258678703e+01 2.816228557748848350e+29
1.290630140487866306e+01 2.785462875532737170e+29
1.301680730457882795e+01 2.754489661293358585e+29
1.312825937417580668e+01 2.724931546595215029e+29
1.324066571493366595e+01 2.695288795706333885e+29
1.335403449748080185e+01 2.666521184128192518e+29
1.346837396240398554e+01 2.638527893232337331e+29
1.358369242084716788e+01 2.610667341391132187e+29
1.369999825511570890e+01 2.584365681908568335e+29
1.381729991928573753e+01 2.557849424149652557e+29
1.393560593981850282e+01 2.532876917775761276e+29
1.405492491618027273e+01 2.508026786532177580e+29
1.417526552146733820e+01 2.483962868405282283e+29
1.429663650303656652e+01 2.460508965313756854e+29
1.441904668314104576e+01 2.437487305593243376e+29
1.454250495957156808e+01 2.415840830185745529e+29
1.466702030630321119e+01 2.394126244947014617e+29
1.479260177414774091e+01 2.374431454191043429e+29
1.491925849141149030e+01 2.354494983889790141e+29
1.504699966455882709e+01 2.336966540519789141e+29
1.517583457888150100e+01 2.319549272787178194e+29
1.530577259917334310e+01 2.313625343874729711e+29
1.543682317041123397e+01 2.311828394455300507e+29
1.556899581844142766e+01 2.256249173808352405e+29
1.570230015067208562e+01 2.167363330582589420e+29
1.583674585677156621e+01 2.116733181902418178e+29
1.597234270937287270e+01 2.099529261595027663e+29
1.610910056478382657e+01 2.083170126960078269e+29
1.624702936370359652e+01 2.067776840133836129e+29
1.638613913194535954e+01 2.054000645239588549e+29
1.652643998116488788e+01 2.042209413746810732e+29
1.666794210959566058e+01 2.008964879902200986e+29
1.681065580279008742e+01 1.951299787088591750e+29
1.695459143436730187e+01 1.917220724513805170e+29
1.709975946676697944e+01 1.906236973429814777e+29
1.724617045200994880e+01 1.897668097739968626e+29
1.739383503246530438e+01 1.890890346282145713e+29
1.754276394162375752e+01 1.854853168789995456e+29
1.769296800487800070e+01 1.803737700066183407e+29
1.784445814030949862e+01 1.788381987806413246e+29
1.799724535948224968e+01 1.782870080339887115e+29
1.815134076824296017e+01 1.791652045845522503e+29
1.830675556752857958e+01 1.795063828729028382e+29
1.846350105418024157e+01 1.738249621129899231e+29
1.862158862176454122e+01 1.686229030682758653e+29
1.878102976140165481e+01 1.646160847029458523e+29
1.894183606260074981e+01 1.627490385587308138e+29
1.910401921410219472e+01 1.629485618208307596e+29
1.926759100472727937e+01 1.601868928632039816e+29
1.943256332423527510e+01 1.565138583102468667e+29
1.959894816418742991e+01 1.579928724994958266e+29
1.976675761881877591e+01 1.577951515946382359e+29
1.993600388591713823e+01 1.536914902204402522e+29
2.010669926770997762e+01 1.501512023928304160e+29
2.027885617175833843e+01 1.469518570415830318e+29
2.045248711185886847e+01 1.441266870262707223e+29
2.062760470895354104e+01 1.413765537787821871e+29
2.080422169204681992e+01 1.388158517460457115e+29
2.098235089913106322e+01 1.363852168271980099e+29
2.116200527811960796e+01 1.341973475373055446e+29
2.134319788778810789e+01 1.369820168625970379e+29
2.152594189872345964e+01 1.354910731170536282e+29
2.171025059428148296e+01 1.284869192456257312e+29
2.189613737155217521e+01 1.259714253856127614e+29
2.208361574233368430e+01 1.242300679043262293e+29
2.227269933411442437e+01 1.226298861703889995e+29
2.246340189106359020e+01 1.212025169636916094e+29
2.265573727503037205e+01 1.199053378728916008e+29
2.284971946655123176e+01 1.189532288392694686e+29
2.304536256586651177e+01 1.156522939118606390e+29
2.324268079394499864e+01 1.117348921436402593e+29
2.344168849351783734e+01 1.103930043374663023e+29
2.364240013012097563e+01 1.084421901198685940e+29
2.384483029314682057e+01 1.058669912634747159e+29
2.404899369690444644e+01 1.039189170224626241e+29
2.425490518168929555e+01 1.042427510921232669e+29
2.446257971486202720e+01 1.017030822603936071e+29
2.467203239193618458e+01 1.012810954467141875e+29
2.488327843767566350e+01 9.861135637703633644e+28
2.509633320720126548e+01 9.360503560518389515e+28
2.531121218710704568e+01 9.184907876092721666e+28
2.552793099658570242e+01 9.031155414387321603e+28
2.574650538856405291e+01 9.094789784425079083e+28
2.596695125084826472e+01 8.435997925088015866e+28
2.618928460727837049e+01 8.431431151478711009e+28
2.641352161889325245e+01 8.229014477793507826e+28
2.663967858510523357e+01 7.804068084800008754e+28
2.686777194488508513e+01 7.731559851625263144e+28
2.709781827795656639e+01 7.737858531418773203e+28
2.732983430600199881e+01 7.205078308337389993e+28
2.756383689387737235e+01 6.989058892363744542e+28
2.779984305083842600e+01 6.750753213278429661e+28
2.803786993177692821e+01 6.765641835924832703e+28
2.827793483846785350e+01 6.442146442754418974e+28
2.852005522082668421e+01 6.178380193116913041e+28
2.876424867817796738e+01 6.043887290506578604e+28
2.901053296053478192e+01 5.799143719048197581e+28
2.925892596988859395e+01 5.801290640222229781e+28
2.950944576151075438e+01 5.601236602570792617e+28
2.976211054526479671e+01 5.233212813564328883e+28
3.001693868693030609e+01 5.188534846114258454e+28
3.027394870953756367e+01 5.087340598833652793e+28
3.053315929471408907e+01 4.878917696124021664e+28
3.079458928404281792e+01 4.636443343252317439e+28
3.105825768043125379e+01 4.605366460103806385e+28
3.132418364949301548e+01 4.581204186869870636e+28
3.159238652094084188e+01 4.358231245949374699e+28
3.186288578999186782e+01 4.365601145057882420e+28
3.213570111878426161e+01 4.257386417410305086e+28
3.241085233780696484e+01 4.083502970936387285e+28
3.268835944734065890e+01 4.056645147570820662e+28
3.296824261891181607e+01 3.976740229245841403e+28
3.325052219675887955e+01 3.916289254419800130e+28
3.353521869931098109e+01 3.945644362874537358e+28
3.382235282067965443e+01 3.932745463685129462e+28
3.411194543216259234e+01 3.793375211727193979e+28
3.440401758376127361e+01 3.790315321909083951e+28
3.469859050571059100e+01 3.805619802697565130e+28
3.499568561002232769e+01 3.821708215134707204e+28
3.529532449204137379e+01 3.841913327226059673e+28
3.559752893201577706e+01 3.863234835351693496e+28
3.590232089667949111e+01 3.755949300435879203e+28
3.620972254084928466e+01 3.647364305594921695e+28
3.651975620903537134e+01 3.662441966987556516e+28
3.683244443706518467e+01 3.677199513622799062e+28
3.714780995372169059e+01 3.695900281049878385e+28
3.746587568239543486e+01 3.715749367925777050e+28
3.778666474275106424e+01 3.735587211479364913e+28
3.811020045240734078e+01 3.760729209555268205e+28
3.843650632863264605e+01 3.785980210778727107e+28
3.876560609005391456e+01 3.811337828589092316e+28
3.909752365838098598e+01 3.827998754972406230e+28
3.943228316014534585e+01 3.820948622511364488e+28
3.976990892845378056e+01 3.813841620555078436e+28
4.011042550475743695e+01 3.806677315096084777e+28
4.045385764063510692e+01 3.855588081722986419e+28
4.080023029959307479e+01 3.919493439671054490e+28
4.114956865887903348e+01 3.984249455797454601e+28
4.150189811131257045e+01 3.962326493372505274e+28
4.185724426713071722e+01 3.918445329421018536e+28
4.221563295584988396e+01 3.874347230635850865e+28
4.257709022814283628e+01 3.850539155810971960e+28
4.294164235773251193e+01 3.842526228700092858e+28
4.330931584330213724e+01 3.834443053996766372e+28
4.368013741042078379e+01 3.826899664630146741e+28
4.405413401348637592e+01 3.825670467059709529e+28
4.443133283768480624e+01 3.824426808993574692e+28
4.481176130096629606e+01 3.823168501264037939e+28
4.519544705603787094e+01 3.827109406189202053e+28
4.558241799237362812e+01 3.841369842432605417e+28
4.597270223824224900e+01 3.855780993509871577e+28
4.636632816275105284e+01 3.870344665964297594e+28
4.676332437790848218e+01 3.881545282759241545e+28
4.716371974070364814e+01 3.884924798239216483e+28
4.756754335520429322e+01 3.888334510808989593e+28
4.797482457467164352e+01 3.891774698796400618e+28
4.838559300369480809e+01 3.907700372548632624e+28
4.879987850034206076e+01 3.930841574722559212e+28
4.921771117833147002e+01 3.954243491582661509e+28
4.963912140921970462e+01 3.977909450453496878e+28
5.006413982461003087e+01 3.987602860516060057e+28
5.049279731837830809e+01 3.995933397190055581e+28
5.092512504891890046e+01 4.004345315959095875e+28
5.136115444140983044e+01 4.013140365959730961e+28
5.180091719009642048e+01 4.022362663711866875e+28
5.224444526059549077e+01 4.031675437112774787e+28
5.269177089221868471e+01 4.041079662889479789e+28
5.314292660031632209e+01 3.983469304235655673e+28
5.359794517864023078e+01 3.909408300904573528e+28
5.405685970172779520e+01 3.835143169393004246e+28
5.451970352730643299e+01 3.827005793019224590e+28
5.498651029871762574e+01 3.847332703378720524e+28
5.545731394736286290e+01 3.867879961926495663e+28
5.593214869516983612e+01 3.876694068022547044e+28
5.641104905708039041e+01 3.881515331109549801e+28
5.689404984355859796e+01 3.886381436005920000e+28
5.738118616312198128e+01 3.891298718782287153e+28
5.787249342489269566e+01 3.896264203212648047e+28
5.836800734117176859e+01 3.901275921238965060e+28
5.886776393003492558e+01 3.906479520528210827e+28
5.937179951795051380e+01 3.911748971534378143e+28
5.988015074242051128e+01 3.919733705263862922e+28
6.039285455464278130e+01 3.950116260880301268e+28
6.090994822219801108e+01 3.980851183669048457e+28
6.143146933175772517e+01 4.000553807561565326e+28
6.195745579181689777e+01 4.012131895653359682e+28
6.248794583544923142e+01 4.023926521173621180e+28
6.302297802308675045e+01 4.039028788435136793e+28
6.356259124532191862e+01 4.054285247317457485e+28
6.410682472573492419e+01 4.008397396647847499e+28
6.465571802374516608e+01 3.907907479162823576e+28
6.520931103748597479e+01 3.820084239783901523e+28
6.576764400670528232e+01 3.824262118880150154e+28
6.633075751569028000e+01 3.828478423699830350e+28
6.689869249621800407e+01 3.832649805644328585e+28
6.747149023052962491e+01 3.836839264179120257e+28
6.804919235433226277e+01 3.840997735227237117e+28
6.863184085982450711e+01 3.845133786162751836e+28
6.921947809874924928e+01 3.855033075493154388e+28
6.981214678547205210e+01 3.877532234142167083e+28
7.040989000008582366e+01 3.896619663812995244e+28
7.101275119154288973e+01 3.901571550995315558e+28
7.162077418081207725e+01 3.906485289486072123e+28
7.223400316406525690e+01 3.911091012883124995e+28
7.285248271588883995e+01 3.915739134000733723e+28
7.347625779252440736e+01 3.920288635007137896e+28
7.410537373513621162e+01 3.924841109149834923e+28
7.473987627310751236e+01 3.929435414673914421e+28
7.537981152736374213e+01 3.934003538524500295e+28
7.602522601372537281e+01 3.938422455912736177e+28
7.667616664628950218e+01 3.942881841126838282e+28
7.733268074083908061e+01 3.947382087013274989e+28
7.799481601828281896e+01 3.951923589857559229e+28
7.866262060812364609e+01 3.956463030312056762e+28
7.933614305195774818e+01 3.960835109365983539e+28
8.001543230700205811e+01 3.965247122235602480e+28
8.070053774965336402e+01 3.969699455068106433e+28
8.139150917907787175e+01 3.974192497921606247e+28
8.208839682082999900e+01 3.978726642836744386e+28
8.279125133050392549e+01 3.983302288413852321e+28
8.350012379741525592e+01 3.987919836587432023e+28
8.421506574831533953e+01 3.993000096323595701e+28
8.493612915113544659e+01 3.998159086343901131e+28
8.566336641876561941e+01 4.003365473590912740e+28
8.639683041286328091e+01 4.008619721531780780e+28
8.713657444769630445e+01 4.013922296036921399e+28
8.788265229401800127e+01 4.019273669708447356e+28
8.863511818297639877e+01 4.024674318327991634e+28
8.939402681005508100e+01 4.030124723756928847e+28
9.015943333904944268e+01 4.035625373253770273e+28
9.093139340607704924e+01 4.041176759508577685e+28
9.170996312362058234e+01 4.029381785944227768e+28
9.249519908460733575e+01 4.014135284033128070e+28
9.328715836652244775e+01 3.998774720471902674e+28
9.408589853555859861e+01 3.983299433446235096e+28
9.489147765079916041e+01 3.967708755795400135e+28
9.570395426843906250e+01 3.952002030724168930e+28
9.652338744604170984e+01 3.936178596536747071e+28
9.734983674683056165e+01 3.920237790756834231e+28
9.818336224401956258e+01 3.904178956152246388e+28
9.902402452517925724e+01 3.888001435184854696e+28
9.987188469664167201e+01 3.871704572189724289e+28
1.007270043879405961e+02 3.855287713627288589e+28
1.015894457562929745e+02 3.838750206424495888e+28
1.024592714911155440e+02 3.825736650071785424e+28
1.033365448185824533e+02 3.831266271218143262e+28
1.042213295062209539e+02 3.836846813750637952e+28
1.051136898675459292e+02 3.842478775299940589e+28
1.060136907667370707e+02 3.848162658506061177e+28
1.069213976233489234e+02 3.853898971683830689e+28
1.078368764170721903e+02 3.859688229491394451e+28
1.087601936925248793e+02 3.865530951069776902e+28
1.096914165640915968e+02 3.871427661342436606e+28
1.106306127208013947e+02 3.877378890418938204e+28
1.115778504312476542e+02 3.883385175533690920e+28
1.125331985485521500e+02 3.889447058549978444e+28
1.134967265153672002e+02 3.895565087900246866e+28
1.144685043689250818e+02 3.901739817356806698e+28
1.154486027461285289e+02 3.907971806069904126e+28
1.164370928886851999e+02 3.914261621789020475e+28
1.174340466482860421e+02 3.920609835180499362e+28
1.184395364918277522e+02 3.927017026232751245e+28
1.194536355066820335e+02 3.933172318057362327e+28
1.204764174060053676e+02 3.937055640806227986e+28
1.215079565340990655e+02 3.939377367718994102e+28
1.225483278718127167e+02 3.941670348346383255e+28
1.235976070419943653e+02 3.943864910563286772e+28
1.246558703149874958e+02 3.945995189396011766e+28
1.257231946141744743e+02 3.949084938672968846e+28
1.267996575215699551e+02 3.967548882015978050e+28
1.278853372834572042e+02 3.986203645022921624e+28
1.289803128160776566e+02 4.005051405361124665e+28
1.300846637113668010e+02 4.018490172156406079e+28
1.311984702427394609e+02 4.022129096025365457e+28
1.323218133709247581e+02 4.025800863966568654e+28
1.334547747498506283e+02 4.029505785592879439e+28
1.345974367325810590e+02 4.033244175321221675e+28
1.357498823772990022e+02 4.036981357073562887e+28
1.369121954533460439e+02 4.039550257763376608e+28
1.380844604473107324e+02 4.042142063124439752e+28
1.392667625691698845e+02 4.044756985671446051e+28
1.404591877584822726e+02 4.047395238836175176e+28
1.416618226906348923e+02 4.050057038745147950e+28
1.428747547831456473e+02 4.052742603786830420e+28
1.440980722020138671e+02 4.055452154177927544e+28
1.453318638681316202e+02 4.058391773765666830e+28
1.465762194637462130e+02 4.061603670067444881e+28
1.478312294389788804e+02 4.064844399758631008e+28
1.490969850184021652e+02 4.068114233262175800e+28
1.503735782076643090e+02 4.071413442988318831e+28
1.516611018001854916e+02 4.074742304380441476e+28
1.529596493838962203e+02 4.078101095670130909e+28
1.542693153480429942e+02 4.081490097631810447e+28
1.555901948900486786e+02 4.084909594631562812e+28
1.569223840224318280e+02 4.088359872829344178e+28
1.582659795797885351e+02 4.091841222264032052e+28
1.596210792258244453e+02 4.076279646954082864e+28
1.609877814604625712e+02 4.059445067646876017e+28
1.623661856269960424e+02 4.042486799746957735e+28
1.637563919193125059e+02 4.025404170390615445e+28
1.651585013891762515e+02 4.008196511941252677e+28
1.665726159535729494e+02 3.990863158571443696e+28
1.679988384021205547e+02 3.973403447771761646e+28
1.694372724045367136e+02 3.955816716968924875e+28
1.708880225181771095e+02 3.938102308720103166e+28
1.723511941956349744e+02 3.920259567345049414e+28
1.738268937924061106e+02 3.902287841678489488e+28
1.753152285746198231e+02 3.884186482948191015e+28
1.768163067268351085e+02 3.865954847534320634e+28
1.783302373599073576e+02 3.847592292443616633e+28
1.798571305189150280e+02 3.845587818880325487e+28
1.813970971911616061e+02 3.848999503445763997e+28
1.829502493142423418e+02 3.852441944862282860e+28
1.845166997841808154e+02 3.855915433484352844e+28
1.860965624636350526e+02 3.859420262246880202e+28
1.876899521901734715e+02 3.862956727123395152e+28
1.892969847846250104e+02 3.866525127363557830e+28
1.909177770594936021e+02 3.870125765064915218e+28
1.925524468274520302e+02 3.873758945188284197e+28
1.942011129099047650e+02 3.877424976462950877e+28
1.958638951456248947e+02 3.881124170069489975e+28
1.975409143994650663e+02 3.884856840990539039e+28
1.992322925711420112e+02 3.888623306915570957e+28
2.009381526041006509e+02 3.892423888925401075e+28
2.026586184944455908e+02 3.896258911733044462e+28
2.043938152999576232e+02 3.900128703033195566e+28
2.061438691491830184e+02 3.904033593965897547e+28
2.079089072506007483e+02 3.907973919581847684e+28
2.096890579018734684e+02 3.911361200270422334e+28
2.114844504991636711e+02 3.912959083396307364e+28
2.132952155465513044e+02 3.914571050821244857e+28
2.151214846655107067e+02 3.916197230268892546e+28
2.169633906044818161e+02 3.917837750296005046e+28
2.188210672485189150e+02 3.919492741008544460e+28
2.206946496290214554e+02 3.921162333709658092e+28
2.225842739335538454e+02 3.922846660814457942e+28
2.244900775157346686e+02 3.924545856121486613e+28
2.264121989052334811e+02 3.926260054638646580e+28
2.283507778178301919e+02 3.927989392676592274e+28
2.303059551655754547e+02 3.929734007942309515e+28
2.322778730670322602e+02 3.931494039275848447e+28
2.342666748576054943e+02 3.933269627011685072e+28
2.362725050999654002e+02 3.935060912715612515e+28
2.382955095945451660e+02 3.936868039457174939e+28
2.403358353901522548e+02 3.938691151546544732e+28
2.423936307946466684e+02 3.940530394717898621e+28
2.444690453857259058e+02 3.942385916134335125e+28
2.465622300217966085e+02 3.944257864303467249e+28
2.486733368529392010e+02 3.946146389350773386e+28
2.508025193319713537e+02 3.948051642488025668e+28
2.529499322255963705e+02 3.949973776823725033e+28
2.551157316256567640e+02 3.951909429307596162e+28
2.573000749604794350e+02 3.953701333535305771e+28
2.595031210063186222e+02 3.955509082780117632e+28
2.617250298988975601e+02 3.957332821545262104e+28
2.639659631450468282e+02 3.959172695498677815e+28
2.662260836344487984e+02 3.961028851888337664e+28
2.685055556514710133e+02 3.962901439300917459e+28
2.708045448871123426e+02 3.964790607584582928e+28
2.731232184510453180e+02 3.966696508347093995e+28
2.754617448837635720e+02 3.968619294385892724e+28
2.778202941688322198e+02 3.970559120186533045e+28
2.801990377452429470e+02 3.972516141517001426e+28
2.825981485198800556e+02 3.974490515926746503e+28
2.850178008800818361e+02 3.976482402258688546e+28
2.874581707063210843e+02 3.978491960901648859e+28
2.899194353849886738e+02 3.980519353960913940e+28
2.924017738212869517e+02 3.982564744934767079e+28
2.949053664522347731e+02 3.984628299132327402e+28
2.974303952597811076e+02 3.986710183185297220e+28
2.999770437840386421e+02 3.988810565548610138e+28
3.025454971366173140e+02 3.990929616259564996e+28
3.051359420140844350e+02 3.993067507109203672e+28
3.077485667115347496e+02 3.995224411401344751e+28
3.103835611362753752e+02 3.997400504206734319e+28
3.130411168216365922e+02 3.999595962369960570e+28
3.157214269408800646e+02 4.001810964351159318e+28
3.184246863212578660e+02 4.004045690480854401e+28
3.211510914581603515e+02 4.006300322801885737e+28
3.239008405294054000e+02 4.008590304252347876e+28
3.266741334096422520e+02 4.011285270151222073e+28
3.294711716848789251e+02 4.014004389636647988e+28
3.322921586671416776e+02 4.016747888228072846e+28
3.351372994092387216e+02 4.019515993662700170e+28
3.380068007196839517e+02 4.022308936100651610e+28
3.409008711777148619e+02 4.025126947941187533e+28
3.438197211484604736e+02 4.027970263736109488e+28
3.467635627982306232e+02 4.030839120785265379e+28
3.497326101099375819e+02 4.033733758368610961e+28
3.527270788986547245e+02 4.036654418439730759e+28
3.557471868272958204e+02 4.039601345247722175e+28
3.587931534224423444e+02 4.042574785641712710e+28
3.618652000902985719e+02 4.045574988887935536e+28
3.649635501327857128e+02 4.048602206681853147e+28
3.680884287637732655e+02 4.051656693551665818e+28
3.712400631254475343e+02 4.054738706186965631e+28
3.744186823048288488e+02 4.057848504331518811e+28
3.776245173504139530e+02 4.060986350112249611e+28
3.808578012889769866e+02 4.064152508247972478e+28
3.841187691425059256e+02 4.067347246356906988e+28
3.874076579452861324e+02 4.070570834775046432e+28
3.907247067611300508e+02 4.073823546570303706e+28
3.940701567007524773e+02 4.077105657360616011e+28
3.974442509393032879e+02 4.080417445917202912e+28
4.008472347340334068e+02 4.083759193787318616e+28
4.042793554421290310e+02 4.087131185309379493e+28
4.077408625386893846e+02 4.090533707824814462e+28
4.112320076348613043e+02 4.093967051595658786e+28
4.147530444961279272e+02 4.097431509918990373e+28
4.183042290607530163e+02 4.100927379044834069e+28
4.218858194583914951e+02 4.104454958291187297e+28
4.254980760288422061e+02 4.108014550060913827e+28
4.291412613409783035e+02 4.106642775505255237e+28
4.328156402118314645e+02 4.102185699781235378e+28
4.365214797258405497e+02 4.097690226385274909e+28
4.402590492542661309e+02 4.093156024993892654e+28
4.440286204747683314e+02 4.088582762875015508e+28
4.478304673911621308e+02 4.083970104162925281e+28
4.516648663533232479e+02 4.079317710225209713e+28
4.555320960772828585e+02 4.074625239787208714e+28
4.594324376654851108e+02 4.069892348449944491e+28
4.633661746272181858e+02 4.065118689178852703e+28
4.673335928992316894e+02 4.060303911700567513e+28
4.713349808664996203e+02 4.055447663113350216e+28
4.753706293832096321e+02 4.050549587526906817e+28
4.794408317938838877e+02 4.045609325944947878e+28
4.835458839547105185e+02 4.040626516390703486e+28
4.876860842550481721e+02 4.035600794032652851e+28
4.918617336391122876e+02 4.030531790946241659e+28
4.960731356278611202e+02 4.025419135875735773e+28
5.003205963410356958e+02 4.020262454846072187e+28
5.046044245194393056e+02 4.015061370560909832e+28
5.089249315473570618e+02 4.009815502772062846e+28
5.132824314752004966e+02 4.004524467799330652e+28
5.176772410423328665e+02 3.999187879264654187e+28
5.221096797000903962e+02 3.993805347005169490e+28
5.265800696350111139e+02 3.988376478172166939e+28
5.310887357922415504e+02 3.982900876265959293e+28
5.356360058991646156e+02 3.977378141871085537e+28
5.402222104892197194e+02 3.971807872055906283e+28
5.448476829259284386e+02 3.966189660744031992e+28
5.495127594271266389e+02 3.960523098357313310e+28
5.542177790894003238e+02 3.954807772066307176e+28
5.589630839127441959e+02 3.952585308366277114e+28
5.637490188254067789e+02 3.957461653193295667e+28
5.685759317089721208e+02 3.962383310228921994e+28
5.734441734236440880e+02 3.967350729620809293e+28
5.783540978337497336e+02 3.972364366565672833e+28
5.833060618334620813e+02 3.977424681243081756e+28
5.883004253727382320e+02 3.982532138953966760e+28
5.933375514834943942e+02 3.987687209952893559e+28
5.984178063059791839e+02 3.992890369894810286e+28
6.035415591153969217e+02 3.998142099668963186e+28
6.087091823487482998e+02 4.003442885437745442e+28
6.139210516319011504e+02 4.008793218881459894e+28
6.191775458068944999e+02 4.014193597033561184e+28
6.244790469594736351e+02 4.019644522527022884e+28
6.298259404468727780e+02 4.025022418651747719e+28
6.352186149258117212e+02 4.030437055471728129e+28
6.406574623807561011e+02 4.035902317168995505e+28
6.461428781524076612e+02 4.041418711786149655e+28
6.516752609664408737e+02 4.046986753048042729e+28
6.572550129624863757e+02 4.052606960505417659e+28
6.628825397233578087e+02 4.058279859377195975e+28
6.685582503045447993e+02 4.064005980997954400e+28
6.742825572639301299e+02 4.069785862460061089e+28
6.800558766917881712e+02 4.075620046860969868e+28
6.858786282410277408e+02 4.081509083552322067e+28
6.917512351576925766e+02 4.087453528188149110e+28
6.976741243117411386e+02 4.093453942267154625e+28
7.036477262280432114e+02 4.099510894093205573e+28
7.096724751177143844e+02 4.105624958218394431e+28
7.157488089096465274e+02 4.111796715696693883e+28
7.218771692823542026e+02 4.118026754237668546e+28
7.280580016960773264e+02 4.120965646450337355e+28
7.342917554251570209e+02 4.114450602007107402e+28
7.405788835907085286e+02 4.107878552092973513e+28
7.469198431935237750e+02 4.101248997324325081e+28
7.533150951473334089e+02 4.094561434013804381e+28
7.597651043122752981e+02 4.087815354072888085e+28
7.662703395287006742e+02 4.081010245437831905e+28
7.728312736512494894e+02 4.074145591450132734e+28
7.794483835832189698e+02 4.067220871492745661e+28
7.861221503112409437e+02 4.060235560266622909e+28
7.928530589402251962e+02 4.053189128218619131e+28
7.996415987286341078e+02 4.046081041342098056e+28
8.064882631240419641e+02 4.038910761292083022e+28
8.133935497990033809e+02 4.031677745186784573e+28
8.203579606872282284e+02 4.024381445723824113e+28
8.273820020200629415e+02 4.017021311087591698e+28
8.344661843633009539e+02 4.009596784752283919e+28
8.416110226542749615e+02 4.002107305914377892e+28
8.488170362393001369e+02 3.994552309087395246e+28
8.560847489114212294e+02 3.987657935300567055e+28
8.634146889484859457e+02 3.993298716159115544e+28
8.708073891515450669e+02 3.998992680063753372e+28
8.782633868835770272e+02 4.004740367908009927e+28
8.857832241085619671e+02 4.010542327044362830e+28
8.933674474308553499e+02 4.016399110948772545e+28
9.010166081349333354e+02 4.022311279425262787e+28
9.087312622254618191e+02 4.028279398657272993e+28
9.165119704677108530e+02 4.034304041337310976e+28
9.243592984283162650e+02 4.040385786565197958e+28
9.322738165163852955e+02 4.046525220367072366e+28
9.402561000249747849e+02 4.052722935285794483e+28
9.483067291728847295e+02 4.058979530824768273e+28
9.564262891468488306e+02 4.065295613194369370e+28
9.646153701440669010e+02 4.071671795914495926e+28
9.728745674151016374e+02 4.078108699407328849e+28
9.812044813071656790e+02 4.084606951290873268e+28
9.896057173077166453e+02 4.083727582356725392e+28
9.980788860885245413e+02 4.078108222567815266e+28
1.006624603550016559e+03 4.072436647510025589e+28
1.015243490866065486e+03 4.066712351626499018e+28
1.023936174529138952e+03 4.060934824293246324e+28
1.032703286395832265e+03 4.055103549736862468e+28
1.041545463732819144e+03 4.049218007285008537e+28
1.050463349263127384e+03 4.043277670885298885e+28
1.059457591212915531e+03 4.037282009556011179e+28
1.068528843358545373e+03 4.031230486771184083e+28
1.077677765074125091e+03 4.025122560978864583e+28
1.086905021379433492e+03 4.018957685119204359e+28
1.096211282988255107e+03 4.012735306809847120e+28
1.105597226357155023e+03 4.006454868197674852e+28
1.115063533734600924e+03 4.003589313041468250e+28
1.124610893210616723e+03 4.011350528818967472e+28
1.134239998766749750e+03 4.019187345973327454e+28
1.143951550326537244e+03 4.027100573393156086e+28
1.153746253806377126e+03 4.035091030036598092e+28
1.163624821166838274e+03 4.043159544618957618e+28
1.173587970464426689e+03 4.051306955953520452e+28
1.183636425903754798e+03 4.059534113131757819e+28
1.193770917890199144e+03 4.067841875705708974e+28
1.203992183082989413e+03 4.076231113626183368e+28
1.214300964448753803e+03 4.084702707510202342e+28
1.224698011315523900e+03 4.093257548993728613e+28
1.235184079427198412e+03 4.101896540428330362e+28
1.245759930998495520e+03 4.114545360186275681e+28
1.256426334770328140e+03 4.131471223517328912e+28
1.267184066065700563e+03 4.148578615078202683e+28
1.278033906846062791e+03 4.165869743342082913e+28
1.288976645768148956e+03 4.183346848088240475e+28
1.300013078241302310e+03 4.201012199519694225e+28
1.311144006485288855e+03 4.218868100582312368e+28
1.322370239588628692e+03 4.236916885775096008e+28
1.333692593567377799e+03 4.255160922849338037e+28
1.345111891424461646e+03 4.273602612591781844e+28
1.356628963209493804e+03 4.292244390064448223e+28
1.368244646079110908e+03 4.309730483668877155e+28
1.379959784357823992e+03 4.292148490672164158e+28
1.391775229599385511e+03 4.274416871509511411e+28
1.403691840648709558e+03 4.256534488533174530e+28
1.415710483704266153e+03 4.238500200442011711e+28
1.427832032381066256e+03 4.220312862863221251e+28
1.440057367774159047e+03 4.201971328043396380e+28
1.452387378522668314e+03 4.183474445300120191e+28
1.464822960874419323e+03 4.164821060883978692e+28
1.477365018751017260e+03 4.146010018901411699e+28
1.490014463813637576e+03 4.127040161048835974e+28
1.502772215529225150e+03 4.130527172169872940e+28
1.515639201237360794e+03 4.146441281808609071e+28
1.528616356217660723e+03 4.162526203296097221e+28
1.541704623757754007e+03 4.178784020826377338e+28
1.554904955221881892e+03 4.195216847622632641e+28
1.568218310119978469e+03 4.211826827062779019e+28
1.581645656177507362e+03 4.228616132444383295e+28
1.595187969405732929e+03 4.245586967625859698e+28
1.608846234172695631e+03 4.262741567928975401e+28
1.622621443274760168e+03 4.275449186553061835e+28
1.636514598008771600e+03 4.260300161648082547e+28
1.650526708244865404e+03 4.245012012431721408e+28
1.664658792499832543e+03 4.229583512193406687e+28
1.678911878011181898e+03 4.214013426942442436e+28
1.693287000811799771e+03 4.198300515037075494e+28
1.707785205805258784e+03 4.182443527585242846e+28
1.722407546841769999e+03 4.166441208525928441e+28
1.737155086794777844e+03 4.150292294499432262e+28
1.752028897638247599e+03 4.147094599506604798e+28
1.767030060524542250e+03 4.164628727918303788e+28
1.782159665863038981e+03 4.182355173648613908e+28
1.797418813399380724e+03 4.200276346443191652e+28
1.812808612295415969e+03 4.218394691119850323e+28
1.828330181209821149e+03 4.236712687570130140e+28
1.843984648379407417e+03 4.255232851709336974e+28
1.859773151701158895e+03 4.273957735729282252e+28
1.875696838814901866e+03 4.283338415206070328e+28
1.891756867186751379e+03 4.265979316503770289e+28
1.907954404193241089e+03 4.248460404870658598e+28
1.924290627206177078e+03 4.230780302238084217e+28
1.940766723678217204e+03 4.212937623809042892e+28
1.957383891229180108e+03 4.194930978449764262e+28
1.974143337733127737e+03 4.176758968443094041e+28
1.991046281406116805e+03 4.158420190120855701e+28
2.008093950894780619e+03 4.165619386027121832e+28
2.025287585365629184e+03 4.183325345334187398e+28
2.042628434595122599e+03 4.201227515428465833e+28
2.060117759060514800e+03 4.219328387724041445e+28
2.077756830031467416e+03 4.237630489752220923e+28
2.095546929662488765e+03 4.256136386495238308e+28
2.113489351086083843e+03 4.274848680070431265e+28
2.131585398506780166e+03 4.270513993257541744e+28
2.149836387295921668e+03 4.253575971367204062e+28
2.168243644087272060e+03 4.236474051902017597e+28
2.186808506873489932e+03 4.219206718334784873e+28
2.205532325103286439e+03 4.201772445332375200e+28
2.224416459779639354e+03 4.184169698746676137e+28
2.243462283558625131e+03 4.167124426485399677e+28
2.262671180849240045e+03 4.185770013046410657e+28
2.282044547914018040e+03 4.204625445520893324e+28
2.301583792970517607e+03 4.223693437718694827e+28
2.321290336293727250e+03 4.242976743885611558e+28
2.341165610319200368e+03 4.262478159475470619e+28
2.361211059747307900e+03 4.282200521639690451e+28
2.381428141648147630e+03 4.273112466683366757e+28
2.401818325567503507e+03 4.255428388532158401e+28
2.422383093633654880e+03 4.237567051889697558e+28
2.443123940665101145e+03 4.219526762441951396e+28
2.464042374279254091e+03 4.201305816514130629e+28
2.485139915001968347e+03 4.182902500617651142e+28
2.506418096378104110e+03 4.205702894501536488e+28
2.527878465082986168e+03 4.234816117363893295e+28
2.549522581034832001e+03 4.264291652607638191e+28
2.571352017508137578e+03 4.294134706013958874e+28
2.593368361248027213e+03 4.324350567895110953e+28
2.615573212585632518e+03 4.340255930601516755e+28
2.637968185554353113e+03 4.319193998787570059e+28
2.660554908007224185e+03 4.297919943955744621e+28
2.683335021735227656e+03 4.276431815226049011e+28
2.706310182586633346e+03 4.254727654874890416e+28
2.729482060587359229e+03 4.232805498940467498e+28
2.752852340062352596e+03 4.257377849664070600e+28
2.776422719758064886e+03 4.283362042874785835e+28
2.800194912965861931e+03 4.309663297932414827e+28
2.824170647646608359e+03 4.336286092121740940e+28
2.848351666556255623e+03 4.363234975206870259e+28
2.872739727372523248e+03 4.344206251813212397e+28
2.897336602822658733e+03 4.321285625764596858e+28
2.922144080812282027e+03 4.298130293052309852e+28
2.947163964555397342e+03 4.274738113818077762e+28
2.972398072705389040e+03 4.256222160963532326e+28
2.997848239487266710e+03 4.280848589042776670e+28
3.023516314830979354e+03 4.305772754161025345e+28
3.049404164505884637e+03 4.330998823844290117e+28
3.075513670256367732e+03 4.356531032130248053e+28
3.101846729938609315e+03 4.390247215345294855e+28
3.128405257658588198e+03 4.432106461880504527e+28
3.155191183911140342e+03 4.474544569971006516e+28
3.182206455720329814e+03 4.517570698466012987e+28
3.209453036780967068e+03 4.552177546161090861e+28
3.236932907601329589e+03 4.512351051277649229e+28
3.264648065647190379e+03 4.472145218623777201e+28
3.292600525486862352e+03 4.431557917642109877e+28
3.320792318937820710e+03 4.390587076710121555e+28
3.349225495214247985e+03 4.425965360090185719e+28
3.377902121076051571e+03 4.471070751996893671e+28
3.406824280979081777e+03 4.516817359290561405e+28
3.435994077226631362e+03 4.563215572739827352e+28
3.465413630122321138e+03 4.534745349427909276e+28
3.495085078124065149e+03 4.491736759147238420e+28
3.525010577999708858e+03 4.448328829495996191e+28
3.555192304983645954e+03 4.404519680698685417e+28
3.585632452935003130e+03 4.435272371989994410e+28
3.616333234497094054e+03 4.470111663229706787e+28
3.647296881258237136e+03 4.505414045610538923e+28
3.678525643914027114e+03 4.526042063042059091e+28
3.710021792430842652e+03 4.492966478931543040e+28
3.741787616210907800e+03 4.459530077772430337e+28
3.773825424258689509e+03 4.425729908993620382e+28
3.806137545348734420e+03 4.448374277026449556e+28
3.838726328194945381e+03 4.505569513463804222e+28
3.871594141621286781e+03 4.563655785070556860e+28
3.904743374734037388e+03 4.606456798896201445e+28
3.938176437095352867e+03 4.566810723693375135e+28
3.971895758898475833e+03 4.526739382539954904e+28
4.005903791144369734e+03 4.486239854210828365e+28
4.040203005819874761e+03 4.536822586798022160e+28
4.074795896077393536e+03 4.607758820190838577e+28
4.109684976416098834e+03 4.679896065076383310e+28
4.144872782864771580e+03 4.674903030131817600e+28
4.180361873166044461e+03 4.618383300607537166e+28
4.216154826962386323e+03 4.561337259046016179e+28
4.252254245983589499e+03 4.567686023930771742e+28
4.288662754235894681e+03 4.642670855440076057e+28
4.325382998192716514e+03 4.718958910045401358e+28
4.362417646986999898e+03 4.729621228625996577e+28
4.399769392605302528e+03 4.667608991911541447e+28
4.437440950083365351e+03 4.605022753282835760e+28
4.475435057703534767e+03 4.619002543668267621e+28
4.513754477193787352e+03 4.693381871448487989e+28
4.552401993928454431e+03 4.769056357165456947e+28
4.591380417130780188e+03 4.708173724523846763e+28
4.630692580076914055e+03 4.614812652832936283e+28
4.670341340302119534e+03 4.706634918530441626e+28
4.710329579808277231e+03 4.793542893483261469e+28
4.750660205273467000e+03 4.856801784048374742e+28
4.791336148263226278e+03 4.901394595398013333e+28
4.832360365443630144e+03 4.904125806500133399e+28
4.873735838796294956e+03 4.820414216855837331e+28
4.915465575834922674e+03 4.735946300101245088e+28
4.957552609824187130e+03 4.749429309672051814e+28
4.999999999999999091e+03 4.786166255284696760e+28
