# Age[Myr]   Lxuv[erg.s-1]
1.000000000000000000e+00 1.452451616410649328e+30
1.008562166358395462e+00 1.445779159310358429e+30
1.017197643409537555e+00 1.439051690439643075e+30
1.025907058851777798e+00 1.432373413783842153e+30
1.034691045757918815e+00 1.425886247086191935e+30
1.043550242621240409e+00 1.419345416424851751e+30
1.052485293401905109e+00 1.412750527255174964e+30
1.061496847573776714e+00 1.406101259608338366e+30
1.070585560171615880e+00 1.399618702489660617e+30
1.079752091838698913e+00 1.393195204875423947e+30
1.088997108874847131e+00 1.386718623260547047e+30
1.098321283284845240e+00 1.380188515125885642e+30
1.107725292827294261e+00 1.373628227389873079e+30
1.117209821063883890e+00 1.367343920953427849e+30
1.126775557409066097e+00 1.361007687120381583e+30
1.136423197180176148e+00 1.354619242980488797e+30
1.146153441647970173e+00 1.348178107741093672e+30
1.155966998087607278e+00 1.341853602725923061e+30
1.165864579830048431e+00 1.335640625077213565e+30
1.175846906313911866e+00 1.329376395988631921e+30
1.185914703137776138e+00 1.323060461103986233e+30
1.196068702112908611e+00 1.316692429654879012e+30
1.206309641316467118e+00 1.310570080250627344e+30
1.216638265145154829e+00 1.304410659608706597e+30
1.227055324369317413e+00 1.298200485132594270e+30
1.237561576187522494e+00 1.291939007843608618e+30
1.248157784281595406e+00 1.285750972413576851e+30
1.258844718872140556e+00 1.279671396973706773e+30
1.269623156774511319e+00 1.273541538851272668e+30
1.280493881455283312e+00 1.267361101971132800e+30
1.291457683089210828e+00 1.261129620408916771e+30
1.302515358616648466e+00 1.255164404622191518e+30
1.313667711801486782e+00 1.249161783784000826e+30
1.324915553289583547e+00 1.243109576806871130e+30
1.336259700667674633e+00 1.237007507016133609e+30
1.347700978522810900e+00 1.231030487262500823e+30
1.359240218502292707e+00 1.225145939126283297e+30
1.370878259374130881e+00 1.219212773287390299e+30
1.382615947087999952e+00 1.213230728793011581e+30
1.394454134836734971e+00 1.207251930458116053e+30
1.406393683118359439e+00 1.201531022435492703e+30
1.418435459798615295e+00 1.195762956124407147e+30
1.430580340174055110e+00 1.189947393421539332e+30
1.442829207035675187e+00 1.184083853371947351e+30
1.455182950733066471e+00 1.178440692156120787e+30
1.467642469239143654e+00 1.172831989494143356e+30
1.480208668215412304e+00 1.167177087932135255e+30
1.492882461077811751e+00 1.161475628477537609e+30
1.505664769063090658e+00 1.155842613950723477e+30
1.518556521295780781e+00 1.150363669612586161e+30
1.531558654855741386e+00 1.144839614518204308e+30
1.544672114846256550e+00 1.139270197768500456e+30
1.557897854462741538e+00 1.133654956902740630e+30
1.571236835062038928e+00 1.128263265204116516e+30
1.584690026232278726e+00 1.122844336020649077e+30
1.598258405863369536e+00 1.117380824680422674e+30
1.611942960218072152e+00 1.111872374226931476e+30
1.625744684003703755e+00 1.106462984890740709e+30
1.639664580444420539e+00 1.101151120344333446e+30
1.653703661354150922e+00 1.095795553809129152e+30
1.667862947210152713e+00 1.090395986804988735e+30
1.682143467227169564e+00 1.084980904723327321e+30
1.696546259432256676e+00 1.079763858007315761e+30
1.711072370740225557e+00 1.074503898301295118e+30
1.725722857029757362e+00 1.069200671220284268e+30
1.740498783220131740e+00 1.063853859358172290e+30
1.755401223348643569e+00 1.058657595152410594e+30
1.770431260648685612e+00 1.053492243207203786e+30
1.785589987628463104e+00 1.048284409432592152e+30
1.800878506150419556e+00 1.043033724569927060e+30
1.816297927511338228e+00 1.037844478323291588e+30
1.831849372523099095e+00 1.032788585269733008e+30
1.847533971594160329e+00 1.027691147153200529e+30
1.863352864811736564e+00 1.022551817320501312e+30
1.879307202024647294e+00 1.017385996537287395e+30
1.895398142926912888e+00 1.012431620520579437e+30
1.911626857142043168e+00 1.007436458741084110e+30
1.927994524308069613e+00 1.002400276246776717e+30
1.944502334163270785e+00 9.973226849453966225e+29
1.961151486632660923e+00 9.923910998948813973e+29
1.977943191915224386e+00 9.874858704367686010e+29
1.994878670571857970e+00 9.825402834338745972e+29
2.011959153614109042e+00 9.775540299101615615e+29
2.029185882593645296e+00 9.726457060081166238e+29
2.046560109692519447e+00 9.678462298055470243e+29
2.064083097814162659e+00 9.630073076897571353e+29
2.081756120675195554e+00 9.581286499739766322e+29
2.099580462898024358e+00 9.532554413662604851e+29
2.117557420104193788e+00 9.485504085364330101e+29
2.135688299008576596e+00 9.438066731850260524e+29
2.153974417514366468e+00 9.390239616813774223e+29
2.172417104808852084e+00 9.342019487821679369e+29
2.191017701460049594e+00 9.295273493404186153e+29
2.209777559514134904e+00 9.248333847771721603e+29
2.228698042593744155e+00 9.201008162843915342e+29
2.247780525997061574e+00 9.153292825028327708e+29
2.267026396797805710e+00 9.106785220580290447e+29
2.286437053946062115e+00 9.060714012646806662e+29
2.306013908369947796e+00 9.014264137079434292e+29
2.325758383078180280e+00 8.967432185778499486e+29
2.345671913263528197e+00 8.921527449979054852e+29
2.365755946407106070e+00 8.876648850053295611e+29
2.386011942383607032e+00 8.831400956588509052e+29
2.406441373567409059e+00 8.785780796330459115e+29
2.427045724939618232e+00 8.740579468041027711e+29
2.447826494195983749e+00 8.696796319315685497e+29
2.468785191855773054e+00 8.652653224364549552e+29
2.489923341371585330e+00 8.608147399108031921e+29
2.511242479240060277e+00 8.563591031410701659e+29
2.532744155113582973e+00 8.520796218833172941e+29
2.554429931912913787e+00 8.477650185769148027e+29
2.576301385940816591e+00 8.434149729176443164e+29
2.598360106996607133e+00 8.390292448506910918e+29
2.620607698491724591e+00 8.348112230137693748e+29
2.643045777566302768e+00 8.305725219849374319e+29
2.665675975206679649e+00 8.262989839798701041e+29
2.688499936363971887e+00 8.219903434665848595e+29
2.711519320073655148e+00 8.178148127354359746e+29
2.734735799576129445e+00 8.136685975976484338e+29
2.758151062438353840e+00 8.094883343348390813e+29
2.781766810676535862e+00 8.052737740024655304e+29
2.805584760879811679e+00 8.011430679139161210e+29
2.829606644335043608e+00 7.970718583526581724e+29
2.853834207152655456e+00 7.929671577961208990e+29
2.878269210393575861e+00 7.888287302437474581e+29
2.902913430197213263e+00 7.847374103938917179e+29
2.927768657910576167e+00 7.807454610392235309e+29
2.952836700218502308e+00 7.767207210236652910e+29
2.978119379274948297e+00 7.726629038819096267e+29
3.003618532835462318e+00 7.686242927115957807e+29
3.029336014390752840e+00 7.647220820828799316e+29
3.055273693301444826e+00 7.607878346494628862e+29
3.081433454933920846e+00 7.568212969581070891e+29
3.107817200797383883e+00 7.528414594109319361e+29
3.134426848682093869e+00 7.490072606863621538e+29
3.161264332798730869e+00 7.451415076705852204e+29
3.188331603919009272e+00 7.412439591850021925e+29
3.215630629517493233e+00 7.373143746166093821e+29
3.243163393914573867e+00 7.335415594134620550e+29
3.270931898420722295e+00 7.297489347326174534e+29
3.298938161481982601e+00 7.259251226198180457e+29
3.327184218826650053e+00 7.220698962837931734e+29
3.355672123613271829e+00 7.183516738079143955e+29
3.384403946579871647e+00 7.146348372232681084e+29
3.413381776194498229e+00 7.108874319740961546e+29
3.442607718806991457e+00 7.071092443981464843e+29
3.472083898802105661e+00 7.034447443100152436e+29
3.501812458753955415e+00 6.998020075587537518e+29
3.531795559581708766e+00 6.961293240032766944e+29
3.562035380706689125e+00 6.924264554743541534e+29
3.592534120210783222e+00 6.888167922763832469e+29
3.623293994996239498e+00 6.852472100411008611e+29
3.654317240946772127e+00 6.816482791968780263e+29
3.685606113090103442e+00 6.780197518734082343e+29
3.717162885761899904e+00 6.744661923736404423e+29
3.748989852771046571e+00 6.709681375841139153e+29
3.781089327566408365e+00 6.674413185068570573e+29
3.813463643404977788e+00 6.638854902295852979e+29
3.846115153521503682e+00 6.603950009450072514e+29
3.879046231299500658e+00 6.569798871734233771e+29
3.912259270443785297e+00 6.535366859030158736e+29
3.945756685154500065e+00 6.500651986683209444e+29
3.979540910302543644e+00 6.466495867644624203e+29
4.013614401606586668e+00 6.433283506703472256e+29
4.047979635811593369e+00 6.399797974151251255e+29
4.082639110868809595e+00 6.366037022317709119e+29
4.117595346117351340e+00 6.332601363317490716e+29
4.152850882467362226e+00 6.300160721494681336e+29
4.188408282584657805e+00 6.267453597638780805e+29
4.224270131077028090e+00 6.234477887081093299e+29
4.260439034682101500e+00 6.201603807976706416e+29
4.296917622456851049e+00 6.169738452688833213e+29
4.333708545968647741e+00 6.137610839381861895e+29
4.370814479488022819e+00 6.105218793660030962e+29
4.408238120183082032e+00 6.072727717961191360e+29
4.445982188315509731e+00 6.041437085139960018e+29
4.484049427438330682e+00 6.009889033916346676e+29
4.522442604595315885e+00 5.978081427693794091e+29
4.561164510522155879e+00 5.946040850805209125e+29
4.600217959849255855e+00 5.915267869676402775e+29
4.639605791306354199e+00 5.884241194084132286e+29
4.679330867928894300e+00 5.852958709965558225e+29
4.719396077266075906e+00 5.821418465287312722e+29
4.759804331590776982e+00 5.791136529937637104e+29
4.800558568111268798e+00 5.760709357315677497e+29
4.841661749184657637e+00 5.730031440909401511e+29
4.883116862532245861e+00 5.699100565137668463e+29
4.924926921456733275e+00 5.669370044324704517e+29
4.967094965061185974e+00 5.639559920975481448e+29
5.009624058469988483e+00 5.609503987005728764e+29
5.052517293051618452e+00 5.579200292157060505e+29
5.095777786643394869e+00 5.550010622971314166e+29
5.139408683778052378e+00 5.520800333005358419e+29
5.183413155912330872e+00 5.491348991209905356e+29
5.227794401657547496e+00 5.461654755416889464e+29
5.272555647012027613e+00 5.433011222906386707e+29
5.317700145595641636e+00 5.404394312630874874e+29
5.363231178886285200e+00 5.375541065542948992e+29
5.409152056458442104e+00 5.346449678094944713e+29
5.455466116223695927e+00 5.318405036745938079e+29
5.502176724673381258e+00 5.290432249321815195e+29
5.549287277123326589e+00 5.262228519575304818e+29
5.596801197960582286e+00 5.233792092709187516e+29
5.644721940892376999e+00 5.206259892678416292e+29
5.693052989197181724e+00 5.178794206113792102e+29
5.741797855977847753e+00 5.151101201161295414e+29
5.790960084416997056e+00 5.123179092043473810e+29
5.840543248034602897e+00 5.096139384381279342e+29
5.890550950947678999e+00 5.069213541979344627e+29
5.940986828132296615e+00 5.042064837566684261e+29
5.991854545687789191e+00 5.014691368334901290e+29
6.043157801103275162e+00 4.988207054780455099e+29
6.094900323526356800e+00 4.961823488800940374e+29
6.147085874034214470e+00 4.935221267464721735e+29
6.199718245907038572e+00 4.908398744712811963e+29
6.252801264903673939e+00 4.882461894824252627e+29
6.306338789539764456e+00 4.856616248251655950e+29
6.360334711368192728e+00 4.830556226856575086e+29
6.414792955262003993e+00 4.804280080536139488e+29
6.469717479699619744e+00 4.778950544561363790e+29
6.525112277052613763e+00 4.753712574236596323e+29
6.580981373875946616e+00 4.728265298152028348e+29
6.637328831200573376e+00 4.702607071292707667e+29
6.694158744828687446e+00 4.678026388035819229e+29
6.751475245631404221e+00 4.653541931686143991e+29
6.809282499849088843e+00 4.628854037838898860e+29
6.867584709394107811e+00 4.603961121443152601e+29
6.926386112156298402e+00 4.579943140920681382e+29
6.985690982311060004e+00 4.555979165009411277e+29
7.045503630629950109e+00 4.531816030373804741e+29
7.105828404794068298e+00 4.507452079341159314e+29
7.166669689710126079e+00 4.483896826214779592e+29
7.228031907829095104e+00 4.460419122443888749e+29
7.289919519467702003e+00 4.436746006502233164e+29
7.352337023132698768e+00 4.412875908185318652e+29
7.415288955847750607e+00 4.389809693426435267e+29
7.478779893483291197e+00 4.366877236807704889e+29
7.542814451089102867e+00 4.343753806333484536e+29
7.607397283229836660e+00 4.320437922944777321e+29
7.672533084323255537e+00 4.297812921681147158e+29
7.738226588981508058e+00 4.275327527522140173e+29
7.804482572355325942e+00 4.252654127165745784e+29
7.871305850481030930e+00 4.229791203888611879e+29
7.938701280630660051e+00 4.207580594074076640e+29
8.006673761665009437e+00 4.185561924052127707e+29
8.075228234389784987e+00 4.163358897178407050e+29
8.144369681914643166e+00 4.140969946260007815e+29
8.214103130015450560e+00 4.119211443799201769e+29
8.284433647499659159e+00 4.097640748591306764e+29
8.355366346574639280e+00 4.075889033111664267e+29
8.426906383219332497e+00 4.053954808925224176e+29
8.499058957559080696e+00 4.032632996067550969e+29
8.571829314243512243e+00 4.011504331301524478e+29
8.645222742827819218e+00 3.990198061238024919e+29
8.719244578157294256e+00 3.968712715030544542e+29
8.793900200755013330e+00 3.947796884118146468e+29
8.869195037213005506e+00 3.927058682241223627e+29
8.945134560586659234e+00 3.906145094754418096e+29
9.021724290792635159e+00 3.885054734485508707e+29
9.098969795009978156e+00 3.864570585749235307e+29
9.176876688084849576e+00 3.844277356636929187e+29
9.255450632938712729e+00 3.823812063160929708e+29
9.334697340979849045e+00 3.803173255410442416e+29
9.414622572518590360e+00 3.783182026179250343e+29
9.495232137185981358e+00 3.763334521852597269e+29
9.576531894356151042e+00 3.743318091794804183e+29
9.658527753572107244e+00 3.723131354942666700e+29
9.741225674975350302e+00 3.703653747175879714e+29
9.824631669739160245e+00 3.684288759687654014e+29
9.908751800505427809e+00 3.664758558772283188e+29
9.993592181825405873e+00 3.645061741787914266e+29
1.007915898060413440e+01 3.626038078153434055e+29
1.016545841654878046e+01 3.607062829704524208e+29
1.025249676262060206e+01 3.587924241160172607e+29
1.034028034549107034e+01 3.568620978416374254e+29
1.042881554600161209e+01 3.550038273716843011e+29
1.051810879962749823e+01 3.531484859586675954e+29
1.060816659694558872e+01 3.512770846523549673e+29
1.069899548410621115e+01 3.493894852043683021e+29
1.079060206330884775e+01 3.475821718295785215e+29
1.088299299328212300e+01 3.457718675192192898e+29
1.097617498976785555e+01 3.439457801948003149e+29
1.107015482600910516e+01 3.421037753693555205e+29
1.116493933324258947e+01 3.403563030059812107e+29
1.126053540119518281e+01 3.386008411008424958e+29
1.135694997858481692e+01 3.368299879821575595e+29
1.145419007362543340e+01 3.350436104181433077e+29
1.155226275453647489e+01 3.333680039817692573e+29
1.165117515005671045e+01 3.316781714704697673e+29
1.175093444996229941e+01 3.299733224881076523e+29
1.185154790558947546e+01 3.282540941644319282e+29
1.195302283036160063e+01 3.266236309787002711e+29
1.205536660032085550e+01 3.249784849301194997e+29
1.215858665466422117e+01 3.233185261458474108e+29
1.226269049628442254e+01 3.216436246912106153e+29
1.236768569231512416e+01 3.200592692490276323e+29
1.247357987468107154e+01 3.184610964403746404e+29
1.258038074065282608e+01 3.168482571046645504e+29
1.268809605340622149e+01 3.152206153328129190e+29
1.279673364258678703e+01 3.136861037457276011e+29
1.290630140487866306e+01 3.121406459435041398e+29
1.301680730457882795e+01 3.105806110787594215e+29
1.312825937417580668e+01 3.090058644601937771e+29
1.324066571493366595e+01 3.075238956707959722e+29
1.335403449748080185e+01 3.060331905550284248e+29
1.346837396240398554e+01 3.045279187124451739e+29
1.358369242084716788e+01 3.030079459454579519e+29
1.369999825511570890e+01 3.015937211861954812e+29
1.381729991928573753e+01 3.001729080190784609e+29
1.393560593981850282e+01 2.987371323580005011e+29
1.405492491618027273e+01 2.972862540520247006e+29
1.417526552146733820e+01 2.959642741848304524e+29
1.429663650303656652e+01 2.946396097367808255e+29
1.441904668314104576e+01 2.932991703390287934e+29
1.454250495957156808e+01 2.919428152842877731e+29
1.466702030630321119e+01 2.907932857524017460e+29
1.479260177414774091e+01 2.896421143426755676e+29
1.491925849141149030e+01 2.884720955225094330e+29
1.504699966455882709e+01 2.872831226929447038e+29
1.517583457888150100e+01 2.863979697047360564e+29
1.530577259917334310e+01 2.855081609511496431e+29
1.543682317041123397e+01 2.845921334690264147e+29
1.556899581844142766e+01 2.836500095999171323e+29
1.570230015067208562e+01 2.813483519022356416e+29
1.583674585677156621e+01 2.789402763602373531e+29
1.597234270937287270e+01 2.764998111753833387e+29
1.610910056478382657e+01 2.740255899556399632e+29
1.624702936370359652e+01 2.719448720684461747e+29
1.638613913194535954e+01 2.698679955873074776e+29
1.652643998116488788e+01 2.677701878905436707e+29
1.666794210959566058e+01 2.656509868475116919e+29
1.681065580279008742e+01 2.638257655748317327e+29
1.695459143436730187e+01 2.619946133599048700e+29
1.709975946676697944e+01 2.601481829838627409e+29
1.724617045200994880e+01 2.582863089555719383e+29
1.739383503246530438e+01 2.566550444249405041e+29
1.754276394162375752e+01 2.550140714037982978e+29
1.769296800487800070e+01 2.533605679577637722e+29
1.784445814030949862e+01 2.516949150253468545e+29
1.799724535948224968e+01 2.500719908591787702e+29
1.815134076824296017e+01 2.484365134561174353e+29
1.830675556752857958e+01 2.467883929578426365e+29
1.846350105418024157e+01 2.451293033899172102e+29
1.862158862176454122e+01 2.435426621866229161e+29
1.878102976140165481e+01 2.419437205324953932e+29
1.894183606260074981e+01 2.403323920876058273e+29
1.910401921410219472e+01 2.387184408210552864e+29
1.926759100472727937e+01 2.372669917914916341e+29
1.943256332423527510e+01 2.358046234842068463e+29
1.959894816418742991e+01 2.343312708157631187e+29
1.976675761881877591e+01 2.328500245786552909e+29
1.993600388591713823e+01 2.313900228857063757e+29
2.010669926770997762e+01 2.299188342740897229e+29
2.027885617175833843e+01 2.284363846967853897e+29
2.045248711185886847e+01 2.269554608212400652e+29
2.062760470895354104e+01 2.255560285723284761e+29
2.080422169204681992e+01 2.241459498227563285e+29
2.098235089913106322e+01 2.227251576189738838e+29
2.116200527811960796e+01 2.213022629731302985e+29
2.134319788778810789e+01 2.199720813184911814e+29
2.152594189872345964e+01 2.186318663761809875e+29
2.171025059428148296e+01 2.172815581951618255e+29
2.189613737155217521e+01 2.159208779916735416e+29
2.208361574233368430e+01 2.145459008239392116e+29
2.227269933411442437e+01 2.131601956126629677e+29
2.246340189106359020e+01 2.117636828392177711e+29
2.265573727503037205e+01 2.103630068690600494e+29
2.284971946655123176e+01 2.090957620227433223e+29
2.304536256586651177e+01 2.078189554165096043e+29
2.324268079394499864e+01 2.065325300218872628e+29
2.344168849351783734e+01 2.052426226826973952e+29
2.364240013012097563e+01 2.040623992811367389e+29
2.384483029314682057e+01 2.028732306007907036e+29
2.404899369690444644e+01 2.016750628858473547e+29
2.425490518168929555e+01 2.004728496446930102e+29
2.446257971486202720e+01 1.993301665060608260e+29
2.467203239193618458e+01 1.981787753373374876e+29
2.488327843767566350e+01 1.970186224743723661e+29
2.509633320720126548e+01 1.958508360810417942e+29
2.531121218710704568e+01 1.946861740527879761e+29
2.552793099658570242e+01 1.921015903354992722e+29
2.574650538856405291e+01 1.893908923532993375e+29
2.596695125084826472e+01 1.866020612101233624e+29
2.618928460727837049e+01 1.832972899726291562e+29
2.641352161889325245e+01 1.800014617775116024e+29
2.663967858510523357e+01 1.767151066041713728e+29
2.686777194488508513e+01 1.738118670799590506e+29
2.709781827795656639e+01 1.725003906122337188e+29
2.732983430600199881e+01 1.711826669097381920e+29
2.756383689387737235e+01 1.698587193040322985e+29
2.779984305083842600e+01 1.679064570561217838e+29
2.803786993177692821e+01 1.642036653710034252e+29
2.827793483846785350e+01 1.605192484444932639e+29
2.852005522082668421e+01 1.568539380868171040e+29
2.876424867817796738e+01 1.537981675360049023e+29
2.901053296053478192e+01 1.519100119920218052e+29
2.925892596988859395e+01 1.500206821023454017e+29
2.950944576151075438e+01 1.481303717843363452e+29
2.976211054526479671e+01 1.461724645031381294e+29
3.001693868693030609e+01 1.441272471936853701e+29
3.027394870953756367e+01 1.420830679950186369e+29
3.053315929471408907e+01 1.400401779810161379e+29
3.079458928404281792e+01 1.379322419064242347e+29
3.105825768043125379e+01 1.357711056836095965e+29
3.132418364949301548e+01 1.336132413311252671e+29
3.159238652094084188e+01 1.314589515120495905e+29
3.186288578999186782e+01 1.303285953551157418e+29
3.213570111878426161e+01 1.296999396944931141e+29
3.241085233780696484e+01 1.290655032036533482e+29
3.268835944734065890e+01 1.284252297517866874e+29
3.296824261891181607e+01 1.263883561000215906e+29
3.325052219675887955e+01 1.240040212687394452e+29
3.353521869931098109e+01 1.216275265610967361e+29
3.382235282067965443e+01 1.192592781344432619e+29
3.411194543216259234e+01 1.183202506099141321e+29
3.440401758376127361e+01 1.174592248082425808e+29
3.469859050571059100e+01 1.165938120246310861e+29
3.499568561002232769e+01 1.155569368786602621e+29
3.529532449204137379e+01 1.131329566995034170e+29
3.559752893201577706e+01 1.107194495899246662e+29
3.590232089667949111e+01 1.083168700551949236e+29
3.620972254084928466e+01 1.062772440149432702e+29
3.651975620903537134e+01 1.051389246491477164e+29
3.683244443706518467e+01 1.039986283193595467e+29
3.714780995372169059e+01 1.028564475493465148e+29
3.746587568239543486e+01 1.017360227844285364e+29
3.778666474275106424e+01 1.006406027948229730e+29
3.811020045240734078e+01 9.954334265037860355e+28
3.843650632863264605e+01 9.844433428897745075e+28
3.876560609005391456e+01 9.730905736889128478e+28
3.909752365838098598e+01 9.615441489975437419e+28
3.943228316014534585e+01 9.499873830382269880e+28
3.976990892845378056e+01 9.384214073267000103e+28
4.011042550475743695e+01 9.264240230736729408e+28
4.045385764063510692e+01 9.143570114010613530e+28
4.080023029959307479e+01 9.022883421686866778e+28
4.114956865887903348e+01 8.901882589341389001e+28
4.150189811131257045e+01 8.777602108322457911e+28
4.185724426713071722e+01 8.653374416638910533e+28
4.221563295584988396e+01 8.529214736069095892e+28
4.257709022814283628e+01 8.406793351100715021e+28
4.294164235773251193e+01 8.287963308240084319e+28
4.330931584330213724e+01 8.169196154641448110e+28
4.368013741042078379e+01 8.050506535253976999e+28
4.405413401348637592e+01 8.003499430718380500e+28
4.443133283768480624e+01 8.013784199500975322e+28
4.481176130096629606e+01 8.023789071914710640e+28
4.519544705603787094e+01 8.033503602741383554e+28
4.558241799237362812e+01 7.911715381573800474e+28
4.597270223824224900e+01 7.758630868620100640e+28
4.636632816275105284e+01 7.606055673672950394e+28
4.676332437790848218e+01 7.455539999407293089e+28
4.716371974070364814e+01 7.326971287593730569e+28
4.756754335520429322e+01 7.198683424947523587e+28
4.797482457467164352e+01 7.070696231532576264e+28
4.838559300369480809e+01 6.981391853445254429e+28
4.879987850034206076e+01 6.968423168487499917e+28
4.921771117833147002e+01 6.955180152773092913e+28
4.963912140921970462e+01 6.941657415489322973e+28
5.006413982461003087e+01 6.853557970452108785e+28
5.049279731837830809e+01 6.716292542831104015e+28
5.092512504891890046e+01 6.579514865414955693e+28
5.136115444140983044e+01 6.443249329620214521e+28
5.180091719009642048e+01 6.411650147266173626e+28
5.224444526059549077e+01 6.394318998539366623e+28
5.269177089221868471e+01 6.376736154291223474e+28
5.314292660031632209e+01 6.339352198192864981e+28
5.359794517864023078e+01 6.200561633831639028e+28
5.405685970172779520e+01 6.062374424075427811e+28
5.451970352730643299e+01 5.924817374682773602e+28
5.498651029871762574e+01 5.836371791643412154e+28
5.545731394736286290e+01 5.807974608547350316e+28
5.593214869516983612e+01 5.779359546796036813e+28
5.641104905708039041e+01 5.750525180935893660e+28
5.689404984355859796e+01 5.658138115540196068e+28
5.738118616312198128e+01 5.541838580076708849e+28
5.787249342489269566e+01 5.425964295399801541e+28
5.836800734117176859e+01 5.310954706682102084e+28
5.886776393003492558e+01 5.282153439670981491e+28
5.937179951795051380e+01 5.253170551316949061e+28
5.988015074242051128e+01 5.224005551702007986e+28
6.039285455464278130e+01 5.200755560792273784e+28
6.090994822219801108e+01 5.193453828252905548e+28
6.143146933175772517e+01 5.185986136381933768e+28
6.195745579181689777e+01 5.178349149731158815e+28
6.248794583544923142e+01 5.112520818978659989e+28
6.302297802308675045e+01 4.997304004108170633e+28
6.356259124532191862e+01 4.882585446734560616e+28
6.410682472573492419e+01 4.768387865296775566e+28
6.465571802374516608e+01 4.733820666711250177e+28
6.520931103748597479e+01 4.718639001759099497e+28
6.576764400670528232e+01 4.703298533580104665e+28
6.633075751569028000e+01 4.684226441275041481e+28
6.689869249621800407e+01 4.593875231610505570e+28
6.747149023052962491e+01 4.503771263683771604e+28
6.804919235433226277e+01 4.413929674579342837e+28
6.863184085982450711e+01 4.345797576109752328e+28
6.921947809874924928e+01 4.331364875077773300e+28
6.981214678547205210e+01 4.316792369811917002e+28
7.040989000008582366e+01 4.302078599757004597e+28
7.101275119154288973e+01 4.256932364124794575e+28
7.162077418081207725e+01 4.180870464414784929e+28
7.223400316406525690e+01 4.104959947521306274e+28
7.285248271588883995e+01 4.029212554639906407e+28
7.347625779252440736e+01 3.997289691722658120e+28
7.410537373513621162e+01 3.986016245922078755e+28
7.473987627310751236e+01 3.974621064131079907e+28
7.537981152736374213e+01 3.963102681097214252e+28
7.602522601372537281e+01 3.905608142353326785e+28
7.667616664628950218e+01 3.838812216473596406e+28
7.733268074083908061e+01 3.772118902610368022e+28
7.799481601828281896e+01 3.705537974042645316e+28
7.866262060812364609e+01 3.695942518741744337e+28
7.933614305195774818e+01 3.689623296414139709e+28
8.001543230700205811e+01 3.683205269247356551e+28
8.070053774965336402e+01 3.676090690578690573e+28
8.139150917907787175e+01 3.615855147624025851e+28
8.208839682082999900e+01 3.555683688030092297e+28
8.279125133050392549e+01 3.495584621647995218e+28
8.350012379741525592e+01 3.435804639408729853e+28
8.421506574831533953e+01 3.387264772084492011e+28
8.493612915113544659e+01 3.338722038952722010e+28
8.566336641876561941e+01 3.290182093313327124e+28
8.639683041286328091e+01 3.241650659033505098e+28
8.713657444769630445e+01 3.232395495578526791e+28
8.788265229401800127e+01 3.224496677330845785e+28
8.863511818297639877e+01 3.216511035895442994e+28
8.939402681005508100e+01 3.208437499726111386e+28
9.015943333904944268e+01 3.171732462137365237e+28
9.093139340607704924e+01 3.129033326003609322e+28
9.170996312362058234e+01 3.086316939461259914e+28
9.249519908460733575e+01 3.043587959624211732e+28
9.328715836652244775e+01 3.027467096082221145e+28
9.408589853555859861e+01 3.029918276358359790e+28
9.489147765079916041e+01 3.032329704795052725e+28
9.570395426843906250e+01 3.034699829943942035e+28
9.652338744604170984e+01 3.025775636034340534e+28
9.734983674683056165e+01 2.982423193019165591e+28
9.818336224401956258e+01 2.939063744066805991e+28
9.902402452517925724e+01 2.895702288661765312e+28
9.987188469664167201e+01 2.852343925917328061e+28
1.007270043879405961e+02 2.809605104067529996e+28
1.015894457562929745e+02 2.767041893571017502e+28
1.024592714911155440e+02 2.724484923012321618e+28
1.033365448185824533e+02 2.681939397192285684e+28
1.042213295062209539e+02 2.664156716471608386e+28
1.051136898675459292e+02 2.651730451055028472e+28
1.060136907667370707e+02 2.639230543594981744e+28
1.069213976233489234e+02 2.626265041153203585e+28
1.078368764170721903e+02 2.611888412462413777e+28
1.087601936925248793e+02 2.597437771943289860e+28
1.096914165640915968e+02 2.582913258158445287e+28
1.106306127208013947e+02 2.566501815537426726e+28
1.115778504312476542e+02 2.549836450957867214e+28
1.125331985485521500e+02 2.533097798211152835e+28
1.134967265153672002e+02 2.513704828452720536e+28
1.144685043689250818e+02 2.493629388009652880e+28
1.154486027461285289e+02 2.473483574624528460e+28
1.164370928886851999e+02 2.450994615314371855e+28
1.174340466482860421e+02 2.428113827819231965e+28
1.184395364918277522e+02 2.402751861047707674e+28
1.194536355066820335e+02 2.352283129137823471e+28
1.204764174060053676e+02 2.334712152463688791e+28
1.215079565340990655e+02 2.355044416775395010e+28
1.225483278718127167e+02 2.371907848901055495e+28
1.235976070419943653e+02 2.341567307994648895e+28
1.246558703149874958e+02 2.311185570366970406e+28
1.257231946141744743e+02 2.281691247165579698e+28
1.267996575215699551e+02 2.252832164420672095e+28
1.278853372834572042e+02 2.232065940388110965e+28
1.289803128160776566e+02 2.251582650719679772e+28
1.300846637113668010e+02 2.271253957974405043e+28
1.311984702427394609e+02 2.242449502343853521e+28
1.323218133709247581e+02 2.204289570207310033e+28
1.334547747498506283e+02 2.202592095539548584e+28
1.345974367325810590e+02 2.227332530256091060e+28
1.357498823772990022e+02 2.223313946580412973e+28
1.369121954533460439e+02 2.174463888510398983e+28
1.380844604473107324e+02 2.143441673455999393e+28
1.392667625691698845e+02 2.161107081781833615e+28
1.404591877584822726e+02 2.165540555730839991e+28
1.416618226906348923e+02 2.117920832714247538e+28
1.428747547831456473e+02 2.082164509495231743e+28
1.440980722020138671e+02 2.092768699180650616e+28
1.453318638681316202e+02 2.108754618232557255e+28
1.465762194637462130e+02 2.140756022520374442e+28
1.478312294389788804e+02 2.135683964136390451e+28
1.490969850184021652e+02 2.063131914909957331e+28
1.503735782076643090e+02 2.031306562556215045e+28
1.516611018001854916e+02 2.038044416235350359e+28
1.529596493838962203e+02 2.046891387500085552e+28
1.542693153480429942e+02 2.056611725307572433e+28
1.555901948900486786e+02 2.003260383686198389e+28
1.569223840224318280e+02 1.981464396666096261e+28
1.582659795797885351e+02 2.048409022169724575e+28
1.596210792258244453e+02 2.028286080591720582e+28
1.609877814604625712e+02 1.953601548957271162e+28
1.623661856269960424e+02 1.954508982964699226e+28
1.637563919193125059e+02 1.955802641970816178e+28
1.651585013891762515e+02 1.957238058446069205e+28
1.665726159535729494e+02 1.958281792663583979e+28
1.679988384021205547e+02 1.959055468926698352e+28
1.694372724045367136e+02 1.959473478320215103e+28
1.708880225181771095e+02 1.959320351204537225e+28
1.723511941956349744e+02 1.958836558021472531e+28
1.738268937924061106e+02 1.957649269029537315e+28
1.753152285746198231e+02 1.955894368423901364e+28
1.768163067268351085e+02 1.953680259749020087e+28
1.783302373599073576e+02 1.950576043092834794e+28
1.798571305189150280e+02 1.947246803479185042e+28
1.813970971911616061e+02 1.942901986253161239e+28
1.829502493142423418e+02 1.938463975002685426e+28
1.845166997841808154e+02 1.933203182476668295e+28
1.860965624636350526e+02 1.927892461038346915e+28
1.876899521901734715e+02 1.921998236597645982e+28
1.892969847846250104e+02 1.916064932934310639e+28
1.909177770594936021e+02 1.945791442880385566e+28
1.925524468274520302e+02 1.980154884856151761e+28
1.942011129099047650e+02 1.979858503007368106e+28
1.958638951456248947e+02 1.964973128959930886e+28
1.975409143994650663e+02 1.952059458481709969e+28
1.992322925711420112e+02 1.941310003334081085e+28
2.009381526041006509e+02 1.930707965155249535e+28
2.026586184944455908e+02 1.921598357291945528e+28
2.043938152999576232e+02 1.912434433348249737e+28
2.061438691491830184e+02 1.925405204471149467e+28
2.079089072506007483e+02 1.953947590122908844e+28
2.096890579018734684e+02 1.981757539837517357e+28
2.114844504991636711e+02 1.967076795716074434e+28
2.132952155465513044e+02 1.952322154196529043e+28
2.151214846655107067e+02 1.937922423436711410e+28
2.169633906044818161e+02 1.927775845321623059e+28
2.188210672485189150e+02 1.917568770252386275e+28
2.206946496290214554e+02 1.914648779888708656e+28
2.225842739335538454e+02 1.930295142747470693e+28
2.244900775157346686e+02 1.946112004157580988e+28
2.264121989052334811e+02 1.960315294340601500e+28
2.283507778178301919e+02 1.949674818488839198e+28
2.303059551655754547e+02 1.938969750332932976e+28
2.322778730670322602e+02 1.928199987477950332e+28
2.342666748576054943e+02 1.935796777002154307e+28
2.362725050999654002e+02 1.947975140338778079e+28
2.382955095945451660e+02 1.960281145425452180e+28
2.403358353901522548e+02 1.972716217464444502e+28
2.423936307946466684e+02 1.989841047672246378e+28
2.444690453857259058e+02 2.007459319935709670e+28
2.465622300217966085e+02 2.025281591713545858e+28
2.486733368529392010e+02 2.042605236292491971e+28
2.508025193319713537e+02 2.029115764655481074e+28
2.529499322255963705e+02 2.015545949601640638e+28
2.551157316256567640e+02 2.001895736733941736e+28
2.573000749604794350e+02 1.990357402726290936e+28
2.595031210063186222e+02 2.001044639447504920e+28
2.617250298988975601e+02 2.011844420606482937e+28
2.639659631450468282e+02 2.022758047174869232e+28
2.662260836344487984e+02 2.033786837640248245e+28
2.685055556514710133e+02 2.046602054564211343e+28
2.708045448871123426e+02 2.061814871453459809e+28
2.731232184510453180e+02 2.077201094513311099e+28
2.754617448837635720e+02 2.092762898581041057e+28
2.778202941688322198e+02 2.108502489820262170e+28
2.801990377452429470e+02 2.116757539264422746e+28
2.825981485198800556e+02 2.103845688309770877e+28
2.850178008800818361e+02 2.090850679652440623e+28
2.874581707063210843e+02 2.077772320456147772e+28
2.899194353849886738e+02 2.064610425614008610e+28
2.924017738212869517e+02 2.053341805065378316e+28
2.949053664522347731e+02 2.062323162504302476e+28
2.974303952597811076e+02 2.071398008724946257e+28
2.999770437840386421e+02 2.080567426284629101e+28
3.025454971366173140e+02 2.089832511549495921e+28
3.051359420140844350e+02 2.099194375569663699e+28
3.077485667115347496e+02 2.108654143152571121e+28
3.103835611362753752e+02 2.103246226557771666e+28
3.130411168216365922e+02 2.096773586344078861e+28
3.157214269408800646e+02 2.090251044259649781e+28
3.184246863212578660e+02 2.083678278434921656e+28
3.211510914581603515e+02 2.077054966528862453e+28
3.239008405294054000e+02 2.070380786045260342e+28
3.266741334096422520e+02 2.075911885080514267e+28
3.294711716848789251e+02 2.083860456173337297e+28
3.322921586671416776e+02 2.091890727050575951e+28
3.351372994092387216e+02 2.100003632474580732e+28
3.380068007196839517e+02 2.108200119710700982e+28
3.409008711777148619e+02 2.116481148090360513e+28
3.438197211484604736e+02 2.124847688857044171e+28
3.467635627982306232e+02 2.136040810258091367e+28
3.497326101099375819e+02 2.148563948365452492e+28
3.527270788986547245e+02 2.161225567657908246e+28
3.557471868272958204e+02 2.174027384380896184e+28
3.587931534224423444e+02 2.186971139137056557e+28
3.618652000902985719e+02 2.200058596334021946e+28
3.649635501327857128e+02 2.213291544478974228e+28
3.680884287637732655e+02 2.212508199832383120e+28
3.712400631254475343e+02 2.205408644778468679e+28
3.744186823048288488e+02 2.198254299184138708e+28
3.776245173504139530e+02 2.191044811242311564e+28
3.808578012889769866e+02 2.183779828720387130e+28
3.841187691425059256e+02 2.176458998372195443e+28
3.874076579452861324e+02 2.169081966476299127e+28
3.907247067611300508e+02 2.165219670168648707e+28
3.940701567007524773e+02 2.174786998843426705e+28
3.974442509393032879e+02 2.184454955519661329e+28
4.008472347340334068e+02 2.194224723880334681e+28
4.042793554421290310e+02 2.204097503033868034e+28
4.077408625386893846e+02 2.214074508268947563e+28
4.112320076348613043e+02 2.224156970951607415e+28
4.147530444961279272e+02 2.234346139000969480e+28
4.183042290607530163e+02 2.241770596364255456e+28
4.218858194583914951e+02 2.236676111382021867e+28
4.254980760288422061e+02 2.231540506936693992e+28
4.291412613409783035e+02 2.226363480242984723e+28
4.328156402118314645e+02 2.221144727163852843e+28
4.365214797258405497e+02 2.215883942104675912e+28
4.402590492542661309e+02 2.210580817624885605e+28
4.440286204747683314e+02 2.205235045185922378e+28
4.478304673911621308e+02 2.199846314339077237e+28
4.516648663533232479e+02 2.201196071302862268e+28
4.555320960772828585e+02 2.208907552251625244e+28
4.594324376654851108e+02 2.216697370364584024e+28
4.633661746272181858e+02 2.224566409162355532e+28
4.673335928992316894e+02 2.232515563987321878e+28
4.713349808664996203e+02 2.240545741123950681e+28
4.753706293832096321e+02 2.248657858520645129e+28
4.794408317938838877e+02 2.256852846116222404e+28
4.835458839547105185e+02 2.265131645766616279e+28
4.876860842550481721e+02 2.272115647091067611e+28
4.918617336391122876e+02 2.268329303729545785e+28
4.960731356278611202e+02 2.264511605979287871e+28
5.003205963410356958e+02 2.260662306967165790e+28
5.046044245194393056e+02 2.256781157997859865e+28
5.089249315473570618e+02 2.252867908842054460e+28
5.132824314752004966e+02 2.248922307390754159e+28
5.176772410423328665e+02 2.244944100215663942e+28
5.221096797000903962e+02 2.240933031771767937e+28
5.265800696350111139e+02 2.236888845229893260e+28
5.310887357922415504e+02 2.232811281770934376e+28
5.356360058991646156e+02 2.236988354599808639e+28
5.402222104892197194e+02 2.243020619280622312e+28
5.448476829259284386e+02 2.249112176881628789e+28
5.495127594271266389e+02 2.255263667852827905e+28
5.542177790894003238e+02 2.261475740340422215e+28
5.589630839127441959e+02 2.267749050261207319e+28
5.637490188254067789e+02 2.274084261775466088e+28
5.685759317089721208e+02 2.280482047100911949e+28
5.734441734236440880e+02 2.286943086591389728e+28
5.783540978337497336e+02 2.293468069082672936e+28
5.833060618334620813e+02 2.300057691842130767e+28
5.883004253727382320e+02 2.302503594472393912e+28
5.933375514834943942e+02 2.299441047415828191e+28
5.984178063059791839e+02 2.296352792208149526e+28
6.035415591153969217e+02 2.293238619459063692e+28
6.087091823487482998e+02 2.290098318258829682e+28
6.139210516319011504e+02 2.286931676065271687e+28
6.191775458068944999e+02 2.283738478834049239e+28
6.244790469594736351e+02 2.280518510906118238e+28
6.298259404468727780e+02 2.287499306924798005e+28
6.352186149258117212e+02 2.295665498916351478e+28
6.406574623807561011e+02 2.303914517644983851e+28
6.461428781524076612e+02 2.312247294254044448e+28
6.516752609664408737e+02 2.320664771719268617e+28
6.572550129624863757e+02 2.329167905125272363e+28
6.628825397233578087e+02 2.337757661487117878e+28
6.685582503045447993e+02 2.346435020488810648e+28
6.742825572639301299e+02 2.355200974003585164e+28
6.800558766917881712e+02 2.364056526531173220e+28
6.858786282410277408e+02 2.367862841888445424e+28
6.917512351576925766e+02 2.365175405044296505e+28
6.976741243117411386e+02 2.362465360739946314e+28
7.036477262280432114e+02 2.359732523452316078e+28
7.096724751177143844e+02 2.356976706327456159e+28
7.157488089096465274e+02 2.354197721095126319e+28
7.218771692823542026e+02 2.351395378029353591e+28
7.280580016960773264e+02 2.348569486000531108e+28
7.342917554251570209e+02 2.345719852390547230e+28
7.405788835907085286e+02 2.342846283099498730e+28
7.469198431935237750e+02 2.339948582643957224e+28
7.533150951473334089e+02 2.337026554026841530e+28
7.597651043122752981e+02 2.334079998698938719e+28
7.662703395287006742e+02 2.331108716748995602e+28
7.728312736512494894e+02 2.330346945575996975e+28
7.794483835832189698e+02 2.334448693838390912e+28
7.861221503112409437e+02 2.338589031969372739e+28
7.928530589402251962e+02 2.342768350536723564e+28
7.996415987286341078e+02 2.346987044528968002e+28
8.064882631240419641e+02 2.351245513327133006e+28
8.133935497990033809e+02 2.355544160863530971e+28
8.203579606872282284e+02 2.359883395594668215e+28
8.273820020200629415e+02 2.364263630599158244e+28
8.344661843633009539e+02 2.368685283738917196e+28
8.416110226542749615e+02 2.373148777446584702e+28
8.488170362393001369e+02 2.377654539012569867e+28
8.560847489114212294e+02 2.382203000748809896e+28
8.634146889484859457e+02 2.386794599652405293e+28
8.708073891515450669e+02 2.391429777945969138e+28
8.782633868835770272e+02 2.396108982616757551e+28
8.857832241085619671e+02 2.400832666021957876e+28
8.933674474308553499e+02 2.405601285617111954e+28
9.010166081349333354e+02 2.410415304124130731e+28
9.087312622254618191e+02 2.409865499927777265e+28
9.165119704677108530e+02 2.408573939006071009e+28
9.243592984283162650e+02 2.407271267163709689e+28
9.322738165163852955e+02 2.405957388559996454e+28
9.402561000249747849e+02 2.404632206575336898e+28
9.483067291728847295e+02 2.403295623728172275e+28
9.564262891468488306e+02 2.401947541741302920e+28
9.646153701440669010e+02 2.400587861425627651e+28
9.728745674151016374e+02 2.399216482779686510e+28
9.812044813071656790e+02 2.397833304939814629e+28
9.896057173077166453e+02 2.396438226163475827e+28
9.980788860885245413e+02 2.395031143829234029e+28
1.006624603550016559e+03 2.393611954436713678e+28
1.015243490866065486e+03 2.392180553606580386e+28
1.023936174529138952e+03 2.390736836047297861e+28
1.032703286395832265e+03 2.389280695538509006e+28
1.041545463732819144e+03 2.387812024997471051e+28
1.050463349263127384e+03 2.386330716362785278e+28
1.059457591212915531e+03 2.384836660710689289e+28
1.068528843358545373e+03 2.383329748105567838e+28
1.077677765074125091e+03 2.381809867732885555e+28
1.086905021379433492e+03 2.380276907782933816e+28
1.096211282988255107e+03 2.378730755500715588e+28
1.105597226357155023e+03 2.380550600589384213e+28
1.115063533734600924e+03 2.383617461020801215e+28
1.124610893210616723e+03 2.386712517589140851e+28
1.134239998766749750e+03 2.389836045243665292e+28
1.143951550326537244e+03 2.392988321857839778e+28
1.153746253806377126e+03 2.396169628378104900e+28
1.163624821166838274e+03 2.399380248680785719e+28
1.173587970464426689e+03 2.402620469688944778e+28
1.183636425903754798e+03 2.405890581424772515e+28
1.193770917890199144e+03 2.409190877062424953e+28
1.203992183082989413e+03 2.412521652883467971e+28
1.214300964448753803e+03 2.415883208362859113e+28
1.224698011315523900e+03 2.419275846288149163e+28
1.235184079427198412e+03 2.422699872618061198e+28
1.245759930998495520e+03 2.426155596700295926e+28
1.256426334770328140e+03 2.429643331196070884e+28
1.267184066065700563e+03 2.433163392168262129e+28
1.278033906846062791e+03 2.436716099104632957e+28
1.288976645768148956e+03 2.440301775072521559e+28
1.300013078241302310e+03 2.443920746480824459e+28
1.311144006485288855e+03 2.447573343497702741e+28
1.322370239588628692e+03 2.451259899747700899e+28
1.333692593567377799e+03 2.454980752599477600e+28
1.345111891424461646e+03 2.458736243060338323e+28
1.356628963209493804e+03 2.462526715966837463e+28
1.368244646079110908e+03 2.466352519880008947e+28
1.379959784357823992e+03 2.470214007211168831e+28
1.391775229599385511e+03 2.474111534249612007e+28
1.403691840648709558e+03 2.474354282798250305e+28
1.415710483704266153e+03 2.473809888154073019e+28
1.427832032381066256e+03 2.473260719922684794e+28
1.440057367774159047e+03 2.472706735348479111e+28
1.452387378522668314e+03 2.472147891280663422e+28
1.464822960874419323e+03 2.471584144158708653e+28
1.477365018751017260e+03 2.471015450029487068e+28
1.490014463813637576e+03 2.470441764528133298e+28
1.502772215529225150e+03 2.469863042867950377e+28
1.515639201237360794e+03 2.469279239852975403e+28
1.528616356217660723e+03 2.468690309863331847e+28
1.541704623757754007e+03 2.468096206854133115e+28
1.554904955221881892e+03 2.467496884358963166e+28
1.568218310119978469e+03 2.466892295461516147e+28
1.581645656177507362e+03 2.466282392817179807e+28
1.595187969405732929e+03 2.465667128642806519e+28
1.608846234172695631e+03 2.465046454697413776e+28
1.622621443274760168e+03 2.464420322299145251e+28
1.636514598008771600e+03 2.463788682305919840e+28
1.650526708244865404e+03 2.463151485114224830e+28
1.664658792499832543e+03 2.462508680653308726e+28
1.678911878011181898e+03 2.461860218393058146e+28
1.693287000811799771e+03 2.461206047319962941e+28
1.707785205805258784e+03 2.460546115944931961e+28
1.722407546841769999e+03 2.459880372297438375e+28
1.737155086794777844e+03 2.459208763910510462e+28
1.752028897638247599e+03 2.458531237837620543e+28
1.767030060524542250e+03 2.457847740619408047e+28
1.782159665863038981e+03 2.457158218300530624e+28
1.797418813399380724e+03 2.456854626745491376e+28
1.812808612295415969e+03 2.456608306715698908e+28
1.828330181209821149e+03 2.456359758926146596e+28
1.843984648379407417e+03 2.456108962284071656e+28
1.859773151701158895e+03 2.455855895484612868e+28
1.875696838814901866e+03 2.455600537003361610e+28
1.891756867186751379e+03 2.455342865096817497e+28
1.907954404193241089e+03 2.455082857801307776e+28
1.924290627206177078e+03 2.454820492927021377e+28
1.940766723678217204e+03 2.454555748056852231e+28
1.957383891229180108e+03 2.454288600546832473e+28
1.974143337733127737e+03 2.454019027516910621e+28
1.991046281406116805e+03 2.453747005854559289e+28
2.008093950894780619e+03 2.453472512210308979e+28
2.025287585365629184e+03 2.453837848411873084e+28
2.042628434595122599e+03 2.454236115003413972e+28
2.060117759060514800e+03 2.454637800719486248e+28
2.077756830031467416e+03 2.455042934987833415e+28
2.095546929662488765e+03 2.455451547500434928e+28
2.113489351086083843e+03 2.455863668195204606e+28
2.131585398506780166e+03 2.456279327276757325e+28
2.149836387295921668e+03 2.456701255494208127e+28
2.168243644087272060e+03 2.457140456232678102e+28
2.186808506873489932e+03 2.457583433820096954e+28
2.205532325103286439e+03 2.458030220874571355e+28
2.224416459779639354e+03 2.458480850301845935e+28
2.243462283558625131e+03 2.458935355290649273e+28
2.262671180849240045e+03 2.459354084405870751e+28
2.282044547914018040e+03 2.459663896389334014e+28
2.301583792970517607e+03 2.459976323063518361e+28
2.321290336293727250e+03 2.460291386162010541e+28
2.341165610319200368e+03 2.460609107595518072e+28
2.361211059747307900e+03 2.460915735162861094e+28
2.381428141648147630e+03 2.461121862052668096e+28
2.401818325567503507e+03 2.461329670720929241e+28
2.422383093633654880e+03 2.461539174139747367e+28
2.443123940665101145e+03 2.461750385373111935e+28
2.464042374279254091e+03 2.461986580611282803e+28
2.485139915001968347e+03 2.462258583358894371e+28
2.506418096378104110e+03 2.462532848499919325e+28
2.527878465082986168e+03 2.462809394261808101e+28
2.549522581034832001e+03 2.463007462769138643e+28
2.571352017508137578e+03 2.463099839558769437e+28
2.593368361248027213e+03 2.463192868725871418e+28
2.615573212585632518e+03 2.463286553486877176e+28
2.637968185554353113e+03 2.463366700818633925e+28
2.660554908007224185e+03 2.463431499972263644e+28
2.683335021735227656e+03 2.463496693867843262e+28
2.706310182586633346e+03 2.463562283149729253e+28
2.729482060587359229e+03 2.463576702633658115e+28
2.752852340062352596e+03 2.463583850155535624e+28
2.776422719758064886e+03 2.463590864530631998e+28
2.800194912965861931e+03 2.463531752409184343e+28
2.824170647646608359e+03 2.463415007002395036e+28
2.848351666556255623e+03 2.463297031427257723e+28
2.872739727372523248e+03 2.463193577078347517e+28
2.897336602822658733e+03 2.463122257408734099e+28
2.922144080812282027e+03 2.463050097523734587e+28
2.947163964555397342e+03 2.462967749811553302e+28
2.972398072705389040e+03 2.462861080497257262e+28
2.997848239487266710e+03 2.462753255618150177e+28
3.023516314830979354e+03 2.488018289707895733e+28
3.049404164505884637e+03 2.559477084660320068e+28
3.075513670256367732e+03 2.632331138017713126e+28
3.101846729938609315e+03 2.659874803273893572e+28
3.128405257658588198e+03 2.649423588657239350e+28
3.155191183911140342e+03 2.638895048280472720e+28
3.182206455720329814e+03 2.633730109290253498e+28
3.209453036780967068e+03 2.630095947950059110e+28
3.236932907601329589e+03 2.626554279707867401e+28
3.264648065647190379e+03 2.624139596130216932e+28
3.292600525486862352e+03 2.621704115355828618e+28
3.320792318937820710e+03 2.619605331626209296e+28
3.349225495214247985e+03 2.617856979167248186e+28
3.377902121076051571e+03 2.616093317748360583e+28
3.406824280979081777e+03 2.614774330698929805e+28
3.435994077226631362e+03 2.613472063025499742e+28
3.465413630122321138e+03 2.612325139289030924e+28
3.495085078124065149e+03 2.611361039549318840e+28
3.525010577999708858e+03 2.610442204945165377e+28
3.555192304983645954e+03 2.609803994770219994e+28
3.585632452935003130e+03 2.609159965313876618e+28
3.616333234497094054e+03 2.608743669391804354e+28
3.647296881258237136e+03 2.608536818685406099e+28
3.678525643914027114e+03 2.608327925565509911e+28
3.710021792430842652e+03 2.608116967939291763e+28
3.741787616210907800e+03 2.608201207127764054e+28
3.773825424258689509e+03 2.608426560745443480e+28
3.806137545348734420e+03 2.608653710846404903e+28
3.838726328194945381e+03 2.608882670535335109e+28
3.871594141621286781e+03 2.609113452986560431e+28
3.904743374734037388e+03 2.609403649313036993e+28
3.938176437095352867e+03 2.610049251116111375e+28
3.971895758898475833e+03 2.610700421859320237e+28
4.005903791144369734e+03 2.611357209934562415e+28
4.040203005819874761e+03 2.612019664162522090e+28
4.074795896077393536e+03 2.612687833791134311e+28
4.109684976416098834e+03 2.613361768501769966e+28
4.144872782864771580e+03 2.614041518419305112e+28
4.180361873166044461e+03 2.614829441197368436e+28
4.216154826962386323e+03 2.615871795359335054e+28
4.252254245983589499e+03 2.616923326225866229e+28
4.288662754235894681e+03 2.617984116727556997e+28
4.325382998192716514e+03 2.619054250584588522e+28
4.362417646986999898e+03 2.620133812303321808e+28
4.399769392605302528e+03 2.621222887196249880e+28
4.437440950083365351e+03 2.622321561387486980e+28
4.475435057703534767e+03 2.623429921815297012e+28
4.513754477193787352e+03 2.624548056249310127e+28
4.552401993928454431e+03 2.625676053290256207e+28
4.591380417130780188e+03 2.627056718996521211e+28
4.630692580076914055e+03 2.628651231076427828e+28
4.670341340302119534e+03 2.630260011818131708e+28
4.710329579808277231e+03 2.631883194097370734e+28
4.750660205273467000e+03 2.633520912111179108e+28
4.791336148263226278e+03 2.635173301392064893e+28
4.832360365443630144e+03 2.636840498826323035e+28
4.873735838796294956e+03 2.638522642680627716e+28
4.915465575834922674e+03 2.640219872588073392e+28
4.957552609824187130e+03 2.641932329595309978e+28
4.999999999999999091e+03 2.643660156156948092e+28
