# Age[Myr]   Lxuv[erg.s-1]
1.000000000000000000e+00 8.708001487589451816e+30
1.008562166358395462e+00 8.655311192484399061e+30
1.017197643409537555e+00 8.602218799069678324e+30
1.025907058851777798e+00 8.547318184060642967e+30
1.034691045757918815e+00 8.490455598865176661e+30
1.043550242621240409e+00 8.433114574293904004e+30
1.052485293401905109e+00 8.375290280535627320e+30
1.061496847573776714e+00 8.319358434314656820e+30
1.070585560171615880e+00 8.267298487485918891e+30
1.079752091838698913e+00 8.214831667781824442e+30
1.088997108874847131e+00 8.161954262876200188e+30
1.098321283284845240e+00 8.110520725231455768e+30
1.107725292827294261e+00 8.064783233420816505e+30
1.117209821063883890e+00 8.018691517815052584e+30
1.126775557409066097e+00 7.972242707730467522e+30
1.136423197180176148e+00 7.925112285181634119e+30
1.146153441647970173e+00 7.875493167867392774e+30
1.155966998087607278e+00 7.825488292758342951e+30
1.165864579830048431e+00 7.775095583993924308e+30
1.175846906313911866e+00 7.724818988933561682e+30
1.185914703137776138e+00 7.679085625140589452e+30
1.196068702112908611e+00 7.633003399323806044e+30
1.206309641316467118e+00 7.586570341183532717e+30
1.216638265145154829e+00 7.539759181551309851e+30
1.227055324369317413e+00 7.492148105607034646e+30
1.237561576187522494e+00 7.444163988799879811e+30
1.248157784281595406e+00 7.395804886409536129e+30
1.258844718872140556e+00 7.347125278317223116e+30
1.269623156774511319e+00 7.303910914606537714e+30
1.280493881455283312e+00 7.260367198018761733e+30
1.291457683089210828e+00 7.216491661942613693e+30
1.302515358616648466e+00 7.172282267751502540e+30
1.313667711801486782e+00 7.128335168836700460e+30
1.324915553289583547e+00 7.084072512717156085e+30
1.336259700667674633e+00 6.967073080912399810e+30
1.347700978522810900e+00 6.842187333851749446e+30
1.359240218502292707e+00 6.769884637735205932e+30
1.370878259374130881e+00 6.702408126391249271e+30
1.382615947087999952e+00 6.634770514514417347e+30
1.394454134836734971e+00 6.566974993549559671e+30
1.406393683118359439e+00 6.493413281688921016e+30
1.418435459798615295e+00 6.418884577382198186e+30
1.430580340174055110e+00 6.344269386236572048e+30
1.442829207035675187e+00 6.269573248082189186e+30
1.455182950733066471e+00 6.171190607222373574e+30
1.467642469239143654e+00 6.067609041028822623e+30
1.480208668215412304e+00 5.964268434843235227e+30
1.492882461077811751e+00 5.861184731045316784e+30
1.505664769063090658e+00 5.755671320066669262e+30
1.518556521295780781e+00 5.649599505999821904e+30
1.531558654855741386e+00 5.543873364114146949e+30
1.544672114846256550e+00 5.438512698392380139e+30
1.557897854462741538e+00 5.378946729973374495e+30
1.571236835062038928e+00 5.333455108314961775e+30
1.584690026232278726e+00 5.287784240571058989e+30
1.598258405863369536e+00 5.241936054084367819e+30
1.611942960218072152e+00 5.141485093248654530e+30
1.625744684003703755e+00 5.025142956905591195e+30
1.639664580444420539e+00 4.909445231284982975e+30
1.653703661354150922e+00 4.794415672897217302e+30
1.667862947210152713e+00 4.723102407644903416e+30
1.682143467227169564e+00 4.660780161380171079e+30
1.696546259432256676e+00 4.598460924939266596e+30
1.711072370740225557e+00 4.536151593021903645e+30
1.725722857029757362e+00 4.472686349640601806e+30
1.740498783220131740e+00 4.409099084383934439e+30
1.755401223348643569e+00 4.345557921997462145e+30
1.770431260648685612e+00 4.282070399767436217e+30
1.785589987628463104e+00 4.264145112504608618e+30
1.800878506150419556e+00 4.250386414523594976e+30
1.816297927511338228e+00 4.236425842194486909e+30
1.831849372523099095e+00 4.222260042585750112e+30
1.847533971594160329e+00 4.151605462861550637e+30
1.863352864811736564e+00 4.076591232799732793e+30
1.879307202024647294e+00 4.001803948079213667e+30
1.895398142926912888e+00 3.927255745969051921e+30
1.911626857142043168e+00 3.858414658280969829e+30
1.927994524308069613e+00 3.790267326995450457e+30
1.944502334163270785e+00 3.722310098916074628e+30
1.961151486632660923e+00 3.654553932786829601e+30
1.977943191915224386e+00 3.623495181356517056e+30
1.994878670571857970e+00 3.596468754790704363e+30
2.011959153614109042e+00 3.569306639892377704e+30
2.029185882593645296e+00 3.542009236083257007e+30
2.046560109692519447e+00 3.475673387071664891e+30
2.064083097814162659e+00 3.405405249044954400e+30
2.081756120675195554e+00 3.335431237864267933e+30
2.099580462898024358e+00 3.265763759266098977e+30
2.117557420104193788e+00 3.230199705032918258e+30
2.135688299008576596e+00 3.197066321648558541e+30
2.153974417514366468e+00 3.163861709998361923e+30
2.172417104808852084e+00 3.130588173480081177e+30
2.191017701460049594e+00 3.097085987365801953e+30
2.209777559514134904e+00 3.063522143091940346e+30
2.228698042593744155e+00 3.029902577072524833e+30
2.247780525997061574e+00 2.996181551488806997e+30
2.267026396797805710e+00 2.961632750142438647e+30
2.286437053946062115e+00 2.927045471641484580e+30
2.306013908369947796e+00 2.892423138401188825e+30
2.325758383078180280e+00 2.857559243572805354e+30
2.345671913263528197e+00 2.821552154153915715e+30
2.365755946407106070e+00 2.785532185812982055e+30
2.386011942383607032e+00 2.749503131535143145e+30
2.406441373567409059e+00 2.713131920793220583e+30
2.427045724939618232e+00 2.675909293443121122e+30
2.447826494195983749e+00 2.638700420851776241e+30
2.468785191855773054e+00 2.601509983586238452e+30
2.489923341371585330e+00 2.564324819208877321e+30
2.511242479240060277e+00 2.527143450790067670e+30
2.532744155113582973e+00 2.489994116895369578e+30
2.554429931912913787e+00 2.452881715349630240e+30
2.576301385940816591e+00 2.415813415329291030e+30
2.598360106996607133e+00 2.378792265344399246e+30
2.620607698491724591e+00 2.341821059982135736e+30
2.643045777566302768e+00 2.304904914143175282e+30
2.665675975206679649e+00 2.297754267597519175e+30
2.688499936363971887e+00 2.297635084105332729e+30
2.711519320073655148e+00 2.297422662314121060e+30
2.734735799576129445e+00 2.295682324413008935e+30
2.758151062438353840e+00 2.251237123335959017e+30
2.781766810676535862e+00 2.206948990205868001e+30
2.805584760879811679e+00 2.162825325721774170e+30
2.829606644335043608e+00 2.120452466145705770e+30
2.853834207152655456e+00 2.082184560817916924e+30
2.878269210393575861e+00 2.044024488216341564e+30
2.902913430197213263e+00 2.005978427499833102e+30
2.927768657910576167e+00 1.985565353590378214e+30
2.952836700218502308e+00 1.978711129155877870e+30
2.978119379274948297e+00 1.971774587561172052e+30
3.003618532835462318e+00 1.964754640631287621e+30
3.029336014390752840e+00 1.928991745934338792e+30
3.055273693301444826e+00 1.889014285249376156e+30
3.081433454933920846e+00 1.849202519742008228e+30
3.107817200797383883e+00 1.816120568930846387e+30
3.134426848682093869e+00 1.809032163882109239e+30
3.161264332798730869e+00 1.801872231226888812e+30
3.188331603919009272e+00 1.794639984804074049e+30
3.215630629517493233e+00 1.771200621012104330e+30
3.243163393914573867e+00 1.735329286219455733e+30
3.270931898420722295e+00 1.699594565692756615e+30
3.298938161481982601e+00 1.664002838390607615e+30
3.327184218826650053e+00 1.657017220960622027e+30
3.355672123613271829e+00 1.651365975034520078e+30
3.384403946579871647e+00 1.645651476660473640e+30
3.413381776194498229e+00 1.629960197001787023e+30
3.442607718806991457e+00 1.597670234190063681e+30
3.472083898802105661e+00 1.565492644760142048e+30
3.501812458753955415e+00 1.533433167193784009e+30
3.531795559581708766e+00 1.524940378581813147e+30
3.562035380706689125e+00 1.521461541989312155e+30
3.592534120210783222e+00 1.517927499955410881e+30
3.623293994996239498e+00 1.506374438858780688e+30
3.654317240946772127e+00 1.476537615170522691e+30
3.685606113090103442e+00 1.446803394074869362e+30
3.717162885761899904e+00 1.417177096197916689e+30
3.748989852771046571e+00 1.412757568880814902e+30
3.781089327566408365e+00 1.414107917242817364e+30
3.813463643404977788e+00 1.415421759974462982e+30
3.846115153521503682e+00 1.405175852450207901e+30
3.879046231299500658e+00 1.374271763412708142e+30
3.912259270443785297e+00 1.343502076113340913e+30
3.945756685154500065e+00 1.312872998743831206e+30
3.979540910302543644e+00 1.289431297548412526e+30
4.013614401606586668e+00 1.266582287498738226e+30
4.047979635811593369e+00 1.243784309671594792e+30
4.082639110868809595e+00 1.232325632210814115e+30
4.117595346117351340e+00 1.230799912334023594e+30
4.152850882467362226e+00 1.229238998790662477e+30
4.188408282584657805e+00 1.224174435661106272e+30
4.224270131077028090e+00 1.201718952913630875e+30
4.260439034682101500e+00 1.179316937103175190e+30
4.296917622456851049e+00 1.156972005717616075e+30
4.333708545968647741e+00 1.137400801429898005e+30
4.370814479488022819e+00 1.118402911722514957e+30
4.408238120183082032e+00 1.099434100989070046e+30
4.445982188315509731e+00 1.090190649105364064e+30
4.484049427438330682e+00 1.089434386583106814e+30
4.522442604595315885e+00 1.088653167923965227e+30
4.561164510522155879e+00 1.083043266853553307e+30
4.600217959849255855e+00 1.064175392402376173e+30
4.639605791306354199e+00 1.045339690956699890e+30
4.679330867928894300e+00 1.026618550499133946e+30
4.719396077266075906e+00 1.010284023278383286e+30
4.759804331590776982e+00 9.939641439233276651e+29
4.800558568111268798e+00 9.776610449284673328e+29
4.841661749184657637e+00 9.765204536344019078e+29
4.883116862532245861e+00 9.783974693769602777e+29
4.924926921456733275e+00 9.802686976591742659e+29
4.967094965061185974e+00 9.690992344910926318e+29
5.009624058469988483e+00 9.514997231300442240e+29
5.052517293051618452e+00 9.339309475836369126e+29
5.095777786643394869e+00 9.180861937888124540e+29
5.139408683778052378e+00 9.036843504885323431e+29
5.183413155912330872e+00 8.892896727266191167e+29
5.227794401657547496e+00 8.754967634000940808e+29
5.272555647012027613e+00 8.624407472945324361e+29
5.317700145595641636e+00 8.493852562262299520e+29
5.363231178886285200e+00 8.426803788470641212e+29
5.409152056458442104e+00 8.460477979311976380e+29
5.455466116223695927e+00 8.494301101763960972e+29
5.502176724673381258e+00 8.462779118459584305e+29
5.549287277123326589e+00 8.317656330595085005e+29
5.596801197960582286e+00 8.172650659934190608e+29
5.644721940892376999e+00 8.036796173108391200e+29
5.693052989197181724e+00 7.915818365819250814e+29
5.741797855977847753e+00 7.794811106161949048e+29
5.790960084416997056e+00 7.678122612293243101e+29
5.840543248034602897e+00 7.567218058892142704e+29
5.890550950947678999e+00 7.456238348846001283e+29
5.940986828132296615e+00 7.350245866698293313e+29
5.991854545687789191e+00 7.248963966875418326e+29
6.043157801103275162e+00 7.147568690588317267e+29
6.094900323526356800e+00 7.050462412779330169e+29
6.147085874034214470e+00 6.955777102072413043e+29
6.199718245907038572e+00 6.860957233713849923e+29
6.252801264903673939e+00 6.770022434684892935e+29
6.306338789539764456e+00 6.680007948396365937e+29
6.360334711368192728e+00 6.589842405991487004e+29
6.414792955262003993e+00 6.631754017155032257e+29
6.469717479699619744e+00 6.676258189167103242e+29
6.525112277052613763e+00 6.691375750551313495e+29
6.580981373875946616e+00 6.596749461160720345e+29
6.637328831200573376e+00 6.501958121726268052e+29
6.694158744828687446e+00 6.412871777961683008e+29
6.751475245631404221e+00 6.329904139307130045e+29
6.809282499849088843e+00 6.246731690324046563e+29
6.867584709394107811e+00 6.168571984322451468e+29
6.926386112156298402e+00 6.091625447038200124e+29
6.985690982311060004e+00 6.015176346150286571e+29
7.045503630629950109e+00 5.943536647907208128e+29
7.105828404794068298e+00 5.871661753094885715e+29
7.166669689710126079e+00 5.802193286113625952e+29
7.228031907829095104e+00 5.735124985854003464e+29
7.289919519467702003e+00 5.667826180245986565e+29
7.352337023132698768e+00 5.607552850036903180e+29
7.415288955847750607e+00 5.547717829408630357e+29
7.478779893483291197e+00 5.489829898631969369e+29
7.542814451089102867e+00 5.435547184462776296e+29
7.607397283229836660e+00 5.381014126884115087e+29
7.672533084323255537e+00 5.334532351327845141e+29
7.738226588981508058e+00 5.289321869855137515e+29
7.804482572355325942e+00 5.200403690521568964e+29
7.871305850481030930e+00 5.035787990664694661e+29
7.938701280630660051e+00 4.871743955728888022e+29
8.006673761665009437e+00 4.815394321647613329e+29
8.075228234389784987e+00 4.768515567040734617e+29
8.144369681914643166e+00 4.723598779992267023e+29
8.214103130015450560e+00 4.680589773899898988e+29
8.284433647499659159e+00 4.637963048050701588e+29
8.355366346574639280e+00 4.599562762845707639e+29
8.426906383219332497e+00 4.560876604927195329e+29
8.499058957559080696e+00 4.527409137076611547e+29
8.571829314243512243e+00 4.495169127440501676e+29
8.645222742827819218e+00 4.469997854551183047e+29
8.719244578157294256e+00 4.452639909538839458e+29
8.793900200755013330e+00 4.411262531124262399e+29
8.869195037213005506e+00 4.276682241771131518e+29
8.945134560586659234e+00 4.142254704217847544e+29
9.021724290792635159e+00 4.113895022754395805e+29
9.098969795009978156e+00 4.089364943332314061e+29
9.176876688084849576e+00 4.073669897647740714e+29
9.255450632938712729e+00 4.060749120411627091e+29
9.334697340979849045e+00 3.991359793467420618e+29
9.414622572518590360e+00 3.880715239909223933e+29
9.495232137185981358e+00 3.812098443216396076e+29
9.576531894356151042e+00 3.798118027043549719e+29
9.658527753572107244e+00 3.759116921535287430e+29
9.741225674975350302e+00 3.667932086644971663e+29
9.824631669739160245e+00 3.596135206709908815e+29
9.908751800505427809e+00 3.585314239227480076e+29
9.993592181825405873e+00 3.581302199890901048e+29
1.007915898060413440e+01 3.606111808878985644e+29
1.016545841654878046e+01 3.606732799062402952e+29
1.025249676262060206e+01 3.495446942858741113e+29
1.034028034549107034e+01 3.391056392718161288e+29
1.042881554600161209e+01 3.316406778380809272e+29
1.051810879962749823e+01 3.260411075675695897e+29
1.060816659694558872e+01 3.265750294311440105e+29
1.069899548410621115e+01 3.247264377949506081e+29
1.079060206330884775e+01 3.175859667024055178e+29
1.088299299328212300e+01 3.108272714492007060e+29
1.097617498976785555e+01 3.046312082176848406e+29
1.107015482600910516e+01 3.026924478746491780e+29
1.116493933324258947e+01 3.042883406408486827e+29
1.126053540119518281e+01 3.004518961908874599e+29
1.135694997858481692e+01 2.943483235196773697e+29
1.145419007362543340e+01 2.889868447136192950e+29
1.155226275453647489e+01 2.837092349063479029e+29
1.165117515005671045e+01 2.788946779045804381e+29
1.175093444996229941e+01 2.742116419891126675e+29
1.185154790558947546e+01 2.698149163155865030e+29
1.195302283036160063e+01 2.657088029313448184e+29
1.205536660032085550e+01 2.617308358369792044e+29
1.215858665466422117e+01 2.581351338543746236e+29
1.226269049628442254e+01 2.546236155188985115e+29
1.236768569231512416e+01 2.514026845031013128e+29
1.247357987468107154e+01 2.484588377606265178e+29
1.258038074065282608e+01 2.456570879772636079e+29
1.268809605340622149e+01 2.435129126518590607e+29
1.279673364258678703e+01 2.418568450673031892e+29
1.290630140487866306e+01 2.409858142704207830e+29
1.301680730457882795e+01 2.332982135015459479e+29
1.312825937417580668e+01 2.263566345877783902e+29
1.324066571493366595e+01 2.255774040509958184e+29
1.335403449748080185e+01 2.200073107687464107e+29
1.346837396240398554e+01 2.145745460111060705e+29
1.358369242084716788e+01 2.151204330689341561e+29
1.369999825511570890e+01 2.104190690448728626e+29
1.381729991928573753e+01 2.042620933107984278e+29
1.393560593981850282e+01 1.988570281399397616e+29
1.405492491618027273e+01 1.941317408430169618e+29
1.417526552146733820e+01 1.897583616427942354e+29
1.429663650303656652e+01 1.857280884665070785e+29
1.441904668314104576e+01 1.823057526527573511e+29
1.454250495957156808e+01 1.791173046723410710e+29
1.466702030630321119e+01 1.762104086062005625e+29
1.479260177414774091e+01 1.736952495226082476e+29
1.491925849141149030e+01 1.648025522188485953e+29
1.504699966455882709e+01 1.602492259360889582e+29
1.517583457888150100e+01 1.578248477717841333e+29
1.530577259917334310e+01 1.538822570739025187e+29
1.543682317041123397e+01 1.459826425179539923e+29
1.556899581844142766e+01 1.439655497172236536e+29
1.570230015067208562e+01 1.359004134773256924e+29
1.583674585677156621e+01 1.332112852476463676e+29
1.597234270937287270e+01 1.260966059337261522e+29
1.610910056478382657e+01 1.220845910409889592e+29
1.624702936370359652e+01 1.173345354692957494e+29
1.638613913194535954e+01 1.113029125126607944e+29
1.652643998116488788e+01 1.093034258351157910e+29
1.666794210959566058e+01 1.034247145559925122e+29
1.681065580279008742e+01 9.753775361014019143e+28
1.695459143436730187e+01 9.061902236251108705e+28
1.709975946676697944e+01 8.607775898685902671e+28
1.724617045200994880e+01 8.104497756537048400e+28
1.739383503246530438e+01 7.294417087468488565e+28
1.754276394162375752e+01 6.921290164851986959e+28
1.769296800487800070e+01 6.172376011432497050e+28
1.784445814030949862e+01 5.694049429840726040e+28
1.799724535948224968e+01 5.353487556635362844e+28
1.815134076824296017e+01 4.742610697387980791e+28
1.830675556752857958e+01 4.500047623767188633e+28
1.846350105418024157e+01 3.960561804938527886e+28
1.862158862176454122e+01 3.630542178633455756e+28
1.878102976140165481e+01 3.344529309088665987e+28
1.894183606260074981e+01 2.892820472410643072e+28
1.910401921410219472e+01 2.726127558360825931e+28
1.926759100472727937e+01 2.402821829948174219e+28
1.943256332423527510e+01 2.189584395892155056e+28
1.959894816418742991e+01 1.989623656608934650e+28
1.976675761881877591e+01 1.821484722448359843e+28
1.993600388591713823e+01 1.718498074336917672e+28
2.010669926770997762e+01 1.618719512597566612e+28
2.027885617175833843e+01 1.594106726777046166e+28
2.045248711185886847e+01 1.565059756013915820e+28
2.062760470895354104e+01 1.532432639358121714e+28
2.080422169204681992e+01 1.471815130406010056e+28
2.098235089913106322e+01 1.415418347945436342e+28
2.116200527811960796e+01 1.497976478460215328e+28
2.134319788778810789e+01 1.518621356404678680e+28
2.152594189872345964e+01 1.482872409458129038e+28
2.171025059428148296e+01 1.615471991857059187e+28
2.189613737155217521e+01 1.630045574500017396e+28
2.208361574233368430e+01 1.639879671649276047e+28
2.227269933411442437e+01 1.676568990880672854e+28
2.246340189106359020e+01 1.813955755694749203e+28
2.265573727503037205e+01 1.813908081259728003e+28
2.284971946655123176e+01 1.827832763455283774e+28
2.304536256586651177e+01 1.848563398621585756e+28
2.324268079394499864e+01 1.903185040497078982e+28
2.344168849351783734e+01 1.966362786665331958e+28
2.364240013012097563e+01 1.998812097745294381e+28
2.384483029314682057e+01 2.071853390512682063e+28
2.404899369690444644e+01 2.061910342199632533e+28
2.425490518168929555e+01 2.087922551477051103e+28
2.446257971486202720e+01 2.083259315456870208e+28
2.467203239193618458e+01 2.100096699974037956e+28
2.488327843767566350e+01 2.205588209638278466e+28
2.509633320720126548e+01 2.220826877325094162e+28
2.531121218710704568e+01 2.135014175026051148e+28
2.552793099658570242e+01 2.108646162630489737e+28
2.574650538856405291e+01 2.145458569641448068e+28
2.596695125084826472e+01 2.097818539002255510e+28
2.618928460727837049e+01 2.067909480953158372e+28
2.641352161889325245e+01 2.045910110013945759e+28
2.663967858510523357e+01 2.027387672990939634e+28
2.686777194488508513e+01 2.010164034404550813e+28
2.709781827795656639e+01 1.993724559695919316e+28
2.732983430600199881e+01 1.977892045887750132e+28
2.756383689387737235e+01 1.961677408304931880e+28
2.779984305083842600e+01 1.944738903918305936e+28
2.803786993177692821e+01 1.926763946444365857e+28
2.827793483846785350e+01 1.906496019732565315e+28
2.852005522082668421e+01 1.884477036870159274e+28
2.876424867817796738e+01 1.856573102023890762e+28
2.901053296053478192e+01 1.819310910041810155e+28
2.925892596988859395e+01 1.789118982705342686e+28
2.950944576151075438e+01 1.874582085449647245e+28
2.976211054526479671e+01 1.798586889586400795e+28
3.001693868693030609e+01 1.749458160976550413e+28
3.027394870953756367e+01 1.847962782312527165e+28
3.053315929471408907e+01 1.731262234573548034e+28
3.079458928404281792e+01 1.703890191026952181e+28
3.105825768043125379e+01 1.674554741203881467e+28
3.132418364949301548e+01 1.700577478859768800e+28
3.159238652094084188e+01 1.643905320900069056e+28
3.186288578999186782e+01 1.603651607997739602e+28
3.213570111878426161e+01 1.611942874258072488e+28
3.241085233780696484e+01 1.568032376391626166e+28
3.268835944734065890e+01 1.635620302353172789e+28
3.296824261891181607e+01 1.547906269446227741e+28
3.325052219675887955e+01 1.520589296806224706e+28
3.353521869931098109e+01 1.516954448065116403e+28
3.382235282067965443e+01 1.576345074455914592e+28
3.411194543216259234e+01 1.492684157373295201e+28
3.440401758376127361e+01 1.526308820068690002e+28
3.469859050571059100e+01 1.552797415648778178e+28
3.499568561002232769e+01 1.517093462762383289e+28
3.529532449204137379e+01 1.481322841314380947e+28
3.559752893201577706e+01 1.466368255591793897e+28
3.590232089667949111e+01 1.451689992863373056e+28
3.620972254084928466e+01 1.436929906530990442e+28
3.651975620903537134e+01 1.425378351369043570e+28
3.683244443706518467e+01 1.416041835442346221e+28
3.714780995372169059e+01 1.406644759424447647e+28
3.746587568239543486e+01 1.397186979090015754e+28
3.778666474275106424e+01 1.387668347364090634e+28
3.811020045240734078e+01 1.380386375258073099e+28
3.843650632863264605e+01 1.374144795652606100e+28
3.876560609005391456e+01 1.367858607602268434e+28
3.909752365838098598e+01 1.361527594558294711e+28
3.943228316014534585e+01 1.355151539429711211e+28
3.976990892845378056e+01 1.348730226607353837e+28
4.011042550475743695e+01 1.342263438280512077e+28
4.045385764063510692e+01 1.344852995778492110e+28
4.080023029959307479e+01 1.351846007991818797e+28
4.114956865887903348e+01 1.358909631243532416e+28
4.150189811131257045e+01 1.366044635599689686e+28
4.185724426713071722e+01 1.373251806009026656e+28
4.221563295584988396e+01 1.380531930228401504e+28
4.257709022814283628e+01 1.387885806996862831e+28
4.294164235773251193e+01 1.395314250207605569e+28
4.330931584330213724e+01 1.402818072694691708e+28
4.368013741042078379e+01 1.410398108735251966e+28
4.405413401348637592e+01 1.406853774237148844e+28
4.443133283768480624e+01 1.402026103888346716e+28
4.481176130096629606e+01 1.397161388343445346e+28
4.519544705603787094e+01 1.392259392323051040e+28
4.558241799237362812e+01 1.387319880612316057e+28
4.597270223824224900e+01 1.382342615566493947e+28
4.636632816275105284e+01 1.377327358452325047e+28
4.676332437790848218e+01 1.372273874600769524e+28
4.716371974070364814e+01 1.367181925820898085e+28
4.756754335520429322e+01 1.362051271747602530e+28
4.797482457467164352e+01 1.356881677527132328e+28
4.838559300369480809e+01 1.351672903715382773e+28
4.879987850034206076e+01 1.346424711431169647e+28
4.921771117833147002e+01 1.342603063386255815e+28
4.963912140921970462e+01 1.339690253058346926e+28
5.006413982461003087e+01 1.336753884214142305e+28
5.049279731837830809e+01 1.333793781113521543e+28
5.092512504891890046e+01 1.330809767468188197e+28
5.136115444140983044e+01 1.327801665078936836e+28
5.180091719009642048e+01 1.324769295234750579e+28
5.224444526059549077e+01 1.321712478730191417e+28
5.269177089221868471e+01 1.318631035194392229e+28
5.314292660031632209e+01 1.315524782422504019e+28
5.359794517864023078e+01 1.312393537773586627e+28
5.405685970172779520e+01 1.309237118189445131e+28
5.451970352730643299e+01 1.306055338839265594e+28
5.498651029871762574e+01 1.302848013829705403e+28
5.545731394736286290e+01 1.299614957599774626e+28
5.593214869516983612e+01 1.296355981508600846e+28
5.641104905708039041e+01 1.293070897978372707e+28
5.689404984355859796e+01 1.290591625701073424e+28
5.738118616312198128e+01 1.293495017175651225e+28
5.787249342489269566e+01 1.296425683055993947e+28
5.836800734117176859e+01 1.299383899065654801e+28
5.886776393003492558e+01 1.302369942749581666e+28
5.937179951795051380e+01 1.305384094687740211e+28
5.988015074242051128e+01 1.308426638517496655e+28
6.039285455464278130e+01 1.311497862154884252e+28
6.090994822219801108e+01 1.314598054223994036e+28
6.143146933175772517e+01 1.317727509472851341e+28
6.195745579181689777e+01 1.321629078172407918e+28
6.248794583544923142e+01 1.325643249944203357e+28
6.302297802308675045e+01 1.329696034527397194e+28
6.356259124532191862e+01 1.333787832939864837e+28
6.410682472573492419e+01 1.337919052089102369e+28
6.465571802374516608e+01 1.342090102535643978e+28
6.520931103748597479e+01 1.346301400048018126e+28
6.576764400670528232e+01 1.350553365644077531e+28
6.633075751569028000e+01 1.354846424107368099e+28
6.689869249621800407e+01 1.359181006312145429e+28
6.747149023052962491e+01 1.363557546977148653e+28
6.804919235433226277e+01 1.367976487762112144e+28
6.863184085982450711e+01 1.369461990381962607e+28
6.921947809874924928e+01 1.364088174198545585e+28
6.981214678547205210e+01 1.358673583009819011e+28
7.040989000008582366e+01 1.353217969860901058e+28
7.101275119154288973e+01 1.347721086567641382e+28
7.162077418081207725e+01 1.342182685618969100e+28
7.223400316406525690e+01 1.336602519341456361e+28
7.285248271588883995e+01 1.330980340888230761e+28
7.347625779252440736e+01 1.325315901593568400e+28
7.410537373513621162e+01 1.319608955599664539e+28
7.473987627310751236e+01 1.313859254493974981e+28
7.537981152736374213e+01 1.308066553744528989e+28
7.602522601372537281e+01 1.302230605540308687e+28
7.667616664628950218e+01 1.296351165221900043e+28
7.733268074083908061e+01 1.290427986851871686e+28
7.799481601828281896e+01 1.284460826023022158e+28
7.866262060812364609e+01 1.278449439051940697e+28
7.933614305195774818e+01 1.277306841422458902e+28
8.001543230700205811e+01 1.279183129345915384e+28
8.070053774965336402e+01 1.281076579059838345e+28
8.139150917907787175e+01 1.282987356599964449e+28
8.208839682082999900e+01 1.284915628841334862e+28
8.279125133050392549e+01 1.286861565444575754e+28
8.350012379741525592e+01 1.288825337483912513e+28
8.421506574831533953e+01 1.290807117456788051e+28
8.493612915113544659e+01 1.292807080680806189e+28
8.566336641876561941e+01 1.294825402809315195e+28
8.639683041286328091e+01 1.296862262893689731e+28
8.713657444769630445e+01 1.298917840897875800e+28
8.788265229401800127e+01 1.300992319375824378e+28
8.863511818297639877e+01 1.303085882093907577e+28
8.939402681005508100e+01 1.305198715154654493e+28
9.015943333904944268e+01 1.307331006731556920e+28
9.093139340607704924e+01 1.309482947081832039e+28
9.170996312362058234e+01 1.311654728001308523e+28
9.249519908460733575e+01 1.313846543952616724e+28
9.328715836652244775e+01 1.316058590962716947e+28
9.408589853555859861e+01 1.318291067193740152e+28
9.489147765079916041e+01 1.318976315559104242e+28
9.570395426843906250e+01 1.316678642163298208e+28
9.652338744604170984e+01 1.314362007868328294e+28
9.734983674683056165e+01 1.312026263558403571e+28
9.818336224401956258e+01 1.309671259710256081e+28
9.902402452517925724e+01 1.307296845554532321e+28
9.987188469664167201e+01 1.304902869368217380e+28
1.007270043879405961e+02 1.302489178484491835e+28
1.015894457562929745e+02 1.300055619020669700e+28
1.024592714911155440e+02 1.297602036452978020e+28
1.033365448185824533e+02 1.295128274780742219e+28
1.042213295062209539e+02 1.292634177101693683e+28
1.051136898675459292e+02 1.290119585622863285e+28
1.060136907667370707e+02 1.287584341671708216e+28
1.069213976233489234e+02 1.285028285425875562e+28
1.078368764170721903e+02 1.282451255643851861e+28
1.087601936925248793e+02 1.279853090521784366e+28
1.096914165640915968e+02 1.277233627142573163e+28
1.106306127208013947e+02 1.274592701769785142e+28
1.115778504312476542e+02 1.271930149017134814e+28
1.125331985485521500e+02 1.269245802986560862e+28
1.134967265153672002e+02 1.266539496438335223e+28
1.144685043689250818e+02 1.263811061366903273e+28
1.154486027461285289e+02 1.261060329014533161e+28
1.164370928886851999e+02 1.258287128482742141e+28
1.174340466482860421e+02 1.255491289272743251e+28
1.184395364918277522e+02 1.258330005622032982e+28
1.194536355066820335e+02 1.275699022040911047e+28
1.204764174060053676e+02 1.287750743070556809e+28
1.215079565340990655e+02 1.293522518983984623e+28
1.225483278718127167e+02 1.299352951154660343e+28
1.235976070419943653e+02 1.304202446314243343e+28
1.246558703149874958e+02 1.308821720242571412e+28
1.257231946141744743e+02 1.313486296484840049e+28
1.267996575215699551e+02 1.318196659188353181e+28
1.278853372834572042e+02 1.323353531273580105e+28
1.289803128160776566e+02 1.328611380818986153e+28
1.300846637113668010e+02 1.333921391091994157e+28
1.311984702427394609e+02 1.339284126601076129e+28
1.323218133709247581e+02 1.344700159661228499e+28
1.334547747498506283e+02 1.344806241160474976e+28
1.345974367325810590e+02 1.330502010669811066e+28
1.357498823772990022e+02 1.316116623242696053e+28
1.369121954533460439e+02 1.301650288626298809e+28
1.380844604473107324e+02 1.287103241619317977e+28
1.392667625691698845e+02 1.272475738152255348e+28
1.404591877584822726e+02 1.257768067506932010e+28
1.416618226906348923e+02 1.242980543500678448e+28
1.428747547831456473e+02 1.233395138689868924e+28
1.440980722020138671e+02 1.235037712394502315e+28
1.453318638681316202e+02 1.236695324100915089e+28
1.465762194637462130e+02 1.238368119278301888e+28
1.478312294389788804e+02 1.240056244976648535e+28
1.490969850184021652e+02 1.241759850105521777e+28
1.503735782076643090e+02 1.243479084770935353e+28
1.516611018001854916e+02 1.245214100823138781e+28
1.529596493838962203e+02 1.246965051732055446e+28
1.542693153480429942e+02 1.248732092462405786e+28
1.555901948900486786e+02 1.250515380023723031e+28
1.569223840224318280e+02 1.252398901700763536e+28
1.582659795797885351e+02 1.254479509877805613e+28
1.596210792258244453e+02 1.256579405026888326e+28
1.609877814604625712e+02 1.258698777983284777e+28
1.623661856269960424e+02 1.260837820964801910e+28
1.637563919193125059e+02 1.262996728981573433e+28
1.651585013891762515e+02 1.265175698764708225e+28
1.665726159535729494e+02 1.267374929246180324e+28
1.679988384021205547e+02 1.269594621418186654e+28
1.694372724045367136e+02 1.271834978815290130e+28
1.708880225181771095e+02 1.274096206907375774e+28
1.723511941956349744e+02 1.276378513582348628e+28
1.738268937924061106e+02 1.278682108850352379e+28
1.753152285746198231e+02 1.281007205171930252e+28
1.768163067268351085e+02 1.283354017162244512e+28
1.783302373599073576e+02 1.282625354239083846e+28
1.798571305189150280e+02 1.279236031041800813e+28
1.813970971911616061e+02 1.275819301626795113e+28
1.829502493142423418e+02 1.272374963982333374e+28
1.845166997841808154e+02 1.268902814516078399e+28
1.860965624636350526e+02 1.265402648967340559e+28
1.876899521901734715e+02 1.261874261988979252e+28
1.892969847846250104e+02 1.258317446952468735e+28
1.909177770594936021e+02 1.254731996417668638e+28
1.925524468274520302e+02 1.251117702159799828e+28
1.942011129099047650e+02 1.247474354313263278e+28
1.958638951456248947e+02 1.243801742727037736e+28
1.975409143994650663e+02 1.240099655668164644e+28
1.992322925711420112e+02 1.236367880956488115e+28
2.009381526041006509e+02 1.232606205332862800e+28
2.026586184944455908e+02 1.228814414270899023e+28
2.043938152999576232e+02 1.224992292671009928e+28
2.061438691491830184e+02 1.221139624452559292e+28
2.079089072506007483e+02 1.217256192148285113e+28
2.096890579018734684e+02 1.215601735675456445e+28
2.114844504991636711e+02 1.217868879139691385e+28
2.132952155465513044e+02 1.220157290932665231e+28
2.151214846655107067e+02 1.222467185477371344e+28
2.169633906044818161e+02 1.224798779047634317e+28
2.188210672485189150e+02 1.227152290797774689e+28
2.206946496290214554e+02 1.229527942275397088e+28
2.225842739335538454e+02 1.231925957312792569e+28
2.244900775157346686e+02 1.234346562426221422e+28
2.264121989052334811e+02 1.236789986581536438e+28
2.283507778178301919e+02 1.239256461340656329e+28
2.303059551655754547e+02 1.241746221008958118e+28
2.322778730670322602e+02 1.244259502273638311e+28
2.342666748576054943e+02 1.246796544733667166e+28
2.362725050999654002e+02 1.249357590538627491e+28
2.382955095945451660e+02 1.251942884792922825e+28
2.403358353901522548e+02 1.254552675194547847e+28
2.423936307946466684e+02 1.257187212312549915e+28
2.444690453857259058e+02 1.259846749609774881e+28
2.465622300217966085e+02 1.262531543337644272e+28
2.486733368529392010e+02 1.265241852944334245e+28
2.508025193319713537e+02 1.267977940328365305e+28
2.529499322255963705e+02 1.270740071018500542e+28
2.551157316256567640e+02 1.273528513170793120e+28
2.573000749604794350e+02 1.274460779171933708e+28
2.595031210063186222e+02 1.273064027611567211e+28
2.617250298988975601e+02 1.271655060446480045e+28
2.639659631450468282e+02 1.270233769613649075e+28
2.662260836344487984e+02 1.268800045949102474e+28
2.685055556514710133e+02 1.267353779377431773e+28
2.708045448871123426e+02 1.265894858974556375e+28
2.731232184510453180e+02 1.264423172586316614e+28
2.754617448837635720e+02 1.262938607271947468e+28
2.778202941688322198e+02 1.261441048922608503e+28
2.801990377452429470e+02 1.259930382578128984e+28
2.825981485198800556e+02 1.258406492045372442e+28
2.850178008800818361e+02 1.256869260278639993e+28
2.874581707063210843e+02 1.255318569188584893e+28
2.899194353849886738e+02 1.253754299514511518e+28
2.924017738212869517e+02 1.252176331077993994e+28
2.949053664522347731e+02 1.250584542464545589e+28
2.974303952597811076e+02 1.248978811404544300e+28
2.999770437840386421e+02 1.247359014391302754e+28
3.025454971366173140e+02 1.245725026871330557e+28
3.051359420140844350e+02 1.244076723116693311e+28
3.077485667115347496e+02 1.242413976415504321e+28
3.103835611362753752e+02 1.240736658880707652e+28
3.130411168216365922e+02 1.239044641449702749e+28
3.157214269408800646e+02 1.237337794011400050e+28
3.184246863212578660e+02 1.235615985214954555e+28
3.211510914581603515e+02 1.233879082596926988e+28
3.239008405294054000e+02 1.232392743304424210e+28
3.266741334096422520e+02 1.231354380646918831e+28
3.294711716848789251e+02 1.230306641939820664e+28
3.322921586671416776e+02 1.229249439240052040e+28
3.351372994092387216e+02 1.228182683753136372e+28
3.380068007196839517e+02 1.227106285754909638e+28
3.409008711777148619e+02 1.226020154663137946e+28
3.438197211484604736e+02 1.224924199071762923e+28
3.467635627982306232e+02 1.223818326522236722e+28
3.497326101099375819e+02 1.222702443800449096e+28
3.527270788986547245e+02 1.221576456670361471e+28
3.557471868272958204e+02 1.220440270020768436e+28
3.587931534224423444e+02 1.219293787748928953e+28
3.618652000902985719e+02 1.218136912832190303e+28
3.649635501327857128e+02 1.216969547324436882e+28
3.680884287637732655e+02 1.215791592201700961e+28
3.712400631254475343e+02 1.214602947622254573e+28
3.744186823048288488e+02 1.213403512583581684e+28
3.776245173504139530e+02 1.212193185182526157e+28
3.808578012889769866e+02 1.210971862536151546e+28
3.841187691425059256e+02 1.209739440664574060e+28
3.874076579452861324e+02 1.208495814562511739e+28
3.907247067611300508e+02 1.207265767865524043e+28
3.940701567007524773e+02 1.206043100269501440e+28
3.974442509393032879e+02 1.204809271493899218e+28
4.008472347340334068e+02 1.203564175210295659e+28
4.042793554421290310e+02 1.202307704062978400e+28
4.077408625386893846e+02 1.201039749591458106e+28
4.112320076348613043e+02 1.199760202262693404e+28
4.147530444961279272e+02 1.198468951430067216e+28
4.183042290607530163e+02 1.197165885365608834e+28
4.218858194583914951e+02 1.195850891218886692e+28
4.254980760288422061e+02 1.194523855012492460e+28
4.291412613409783035e+02 1.193184661563977910e+28
4.328156402118314645e+02 1.191833194591456415e+28
4.365214797258405497e+02 1.190469336672341572e+28
4.402590492542661309e+02 1.189092969128258029e+28
4.440286204747683314e+02 1.187703972204413604e+28
4.478304673911621308e+02 1.186302224843927168e+28
4.516648663533232479e+02 1.184887604793472581e+28
4.555320960772828585e+02 1.183433055601267955e+28
4.594324376654851108e+02 1.181931170952884114e+28
4.633661746272181858e+02 1.180415508342294917e+28
4.673335928992316894e+02 1.178885935967713539e+28
4.713349808664996203e+02 1.177342320813417114e+28
4.753706293832096321e+02 1.175784528529470494e+28
4.794408317938838877e+02 1.174212423388335564e+28
4.835458839547105185e+02 1.172625868318646481e+28
4.876860842550481721e+02 1.171024724939136202e+28
4.918617336391122876e+02 1.169408853476614017e+28
4.960731356278611202e+02 1.167778112683643355e+28
5.003205963410356958e+02 1.166132360027256904e+28
5.046044245194393056e+02 1.164471451490597451e+28
5.089249315473570618e+02 1.162795241684304132e+28
5.132824314752004966e+02 1.161103583686524473e+28
5.176772410423328665e+02 1.159396329270966954e+28
5.221096797000903962e+02 1.157614201461556503e+28
5.265800696350111139e+02 1.155811022771779979e+28
5.310887357922415504e+02 1.153991232347266628e+28
5.356360058991646156e+02 1.152154671197209889e+28
5.402222104892197194e+02 1.150301178693973432e+28
5.448476829259284386e+02 1.148430592689788047e+28
5.495127594271266389e+02 1.146542749391104955e+28
5.542177790894003238e+02 1.144637483435063320e+28
5.589630839127441959e+02 1.142714627885305509e+28
5.637490188254067789e+02 1.140774014106143045e+28
5.685759317089721208e+02 1.138815471839296361e+28
5.734441734236440880e+02 1.136838829199805934e+28
5.783540978337497336e+02 1.134843912590719860e+28
5.833060618334620813e+02 1.136490148744247903e+28
5.883004253727382320e+02 1.143879090881489314e+28
5.933375514834943942e+02 1.151350959051974435e+28
5.984178063059791839e+02 1.158906801283406057e+28
6.035415591153969217e+02 1.166547680444643907e+28
6.087091823487482998e+02 1.174274674439395931e+28
6.139210516319011504e+02 1.182088876703159074e+28
6.191775458068944999e+02 1.189991396105984841e+28
6.244790469594736351e+02 1.197983357457298077e+28
6.298259404468727780e+02 1.195217988607231331e+28
6.352186149258117212e+02 1.191248257644303728e+28
6.406574623807561011e+02 1.187243767852172199e+28
6.461428781524076612e+02 1.183204226296261667e+28
6.516752609664408737e+02 1.179129338124981597e+28
6.572550129624863757e+02 1.175018806527504534e+28
6.628825397233578087e+02 1.170872332913782321e+28
6.685582503045447993e+02 1.166689616653871247e+28
6.742825572639301299e+02 1.162470355407991362e+28
6.800558766917881712e+02 1.158214245015988394e+28
6.858786282410277408e+02 1.153920979388093533e+28
6.917512351576925766e+02 1.151041227575315947e+28
6.976741243117411386e+02 1.148428866077590374e+28
7.036477262280432114e+02 1.145792072518951765e+28
7.096724751177143844e+02 1.143130611439892788e+28
7.157488089096465274e+02 1.140444245182025133e+28
7.218771692823542026e+02 1.137732733843421967e+28
7.280580016960773264e+02 1.134995835322716486e+28
7.342917554251570209e+02 1.132233305230803655e+28
7.405788835907085286e+02 1.129444896891263741e+28
7.469198431935237750e+02 1.126630361430027265e+28
7.533150951473334089e+02 1.123159596129537463e+28
7.597651043122752981e+02 1.119534448499095556e+28
7.662703395287006742e+02 1.115876289857268454e+28
7.728312736512494894e+02 1.112184822711235285e+28
7.794483835832189698e+02 1.108459747523702351e+28
7.861221503112409437e+02 1.104700762341875795e+28
7.928530589402251962e+02 1.100907563046440946e+28
7.996415987286341078e+02 1.097079843264128715e+28
8.064882631240419641e+02 1.093217294450511684e+28
8.133935497990033809e+02 1.100165002810786253e+28
8.203579606872282284e+02 1.111202589531964453e+28
8.273820020200629415e+02 1.122378574980538678e+28
8.344661843633009539e+02 1.133694888666554427e+28
8.416110226542749615e+02 1.145153489392586061e+28
8.488170362393001369e+02 1.156756366331824225e+28
8.560847489114212294e+02 1.168505539804768002e+28
8.634146889484859457e+02 1.180403060770040641e+28
8.708073891515450669e+02 1.185024347736629880e+28
8.782633868835770272e+02 1.177312497413244331e+28
8.857832241085619671e+02 1.169537044157310591e+28
8.933674474308553499e+02 1.161697585953181636e+28
9.010166081349333354e+02 1.153793723061994454e+28
9.087312622254618191e+02 1.145825058300181187e+28
9.165119704677108530e+02 1.137791197225684611e+28
9.243592984283162650e+02 1.129691748645399691e+28
9.322738165163852955e+02 1.123265509868002814e+28
9.402561000249747849e+02 1.117638280590918817e+28
9.483067291728847295e+02 1.111960994496456058e+28
9.564262891468488306e+02 1.106233248839727637e+28
9.646153701440669010e+02 1.100454639395731603e+28
9.728745674151016374e+02 1.094624761001683299e+28
9.812044813071656790e+02 1.088743207469672142e+28
9.896057173077166453e+02 1.083112855292128293e+28
9.980788860885245413e+02 1.077709426094751433e+28
1.006624603550016559e+03 1.072257120540292398e+28
1.015243490866065486e+03 1.066755533964600114e+28
1.023936174529138952e+03 1.061204260249093701e+28
1.032703286395832265e+03 1.055602891870845014e+28
1.041545463732819144e+03 1.049951020277188408e+28
1.050463349263127384e+03 1.058213485860731051e+28
1.059457591212915531e+03 1.069046014284796089e+28
1.068528843358545373e+03 1.080018137239575719e+28
1.077677765074125091e+03 1.091131866978484538e+28
1.086905021379433492e+03 1.102389248211821985e+28
1.096211282988255107e+03 1.113792358247534897e+28
1.105597226357155023e+03 1.112698574511548970e+28
1.115063533734600924e+03 1.103387915773282688e+28
1.124610893210616723e+03 1.094001178261363831e+28
1.134239998766749750e+03 1.084537973830400552e+28
1.143951550326537244e+03 1.074997922541014068e+28
1.153746253806377126e+03 1.065380652860452025e+28
1.163624821166838274e+03 1.057237353567763552e+28
1.173587970464426689e+03 1.049610756892284749e+28
1.183636425903754798e+03 1.041917886170097702e+28
1.193770917890199144e+03 1.034158300987054400e+28
1.203992183082989413e+03 1.026331564286002533e+28
1.214300964448753803e+03 1.021661169343516640e+28
1.224698011315523900e+03 1.031639972327227373e+28
1.235184079427198412e+03 1.041747817092618438e+28
1.245759930998495520e+03 1.051986585613548574e+28
1.256426334770328140e+03 1.062358190270508630e+28
1.267184066065700563e+03 1.072864574530473130e+28
1.278033906846062791e+03 1.063327162657529337e+28
1.288976645768148956e+03 1.052553006563679429e+28
1.300013078241302310e+03 1.041692708246260239e+28
1.311144006485288855e+03 1.030745964392558828e+28
1.322370239588628692e+03 1.019712489146716670e+28
1.333692593567377799e+03 1.030522921150994297e+28
1.345111891424461646e+03 1.042166353221629157e+28
1.356628963209493804e+03 1.053967395060254055e+28
1.368244646079110908e+03 1.065928427236811157e+28
1.379959784357823992e+03 1.071871375465139017e+28
1.391775229599385511e+03 1.057767718355273915e+28
1.403691840648709558e+03 1.043561589684628827e+28
1.415710483704266153e+03 1.029253065915804210e+28
1.427832032381066256e+03 1.014842266595431165e+28
1.440057367774159047e+03 1.018939325586643107e+28
1.452387378522668314e+03 1.030230322442460819e+28
1.464822960874419323e+03 1.041674761183175450e+28
1.477365018751017260e+03 1.053274978064304552e+28
1.490014463813637576e+03 1.049386110968794135e+28
1.502772215529225150e+03 1.030697081264433800e+28
1.515639201237360794e+03 1.011894233563887002e+28
1.528616356217660723e+03 9.929787434921913740e+27
1.541704623757754007e+03 9.996804697104465440e+27
1.554904955221881892e+03 1.008657725708340726e+28
1.568218310119978469e+03 1.017751862581016012e+28
1.581645656177507362e+03 1.028938435806649332e+28
1.595187969405732929e+03 1.044110610649604681e+28
1.608846234172695631e+03 1.059508295379854137e+28
1.622621443274760168e+03 1.063150886451455486e+28
1.636514598008771600e+03 1.034414893955556228e+28
1.650526708244865404e+03 1.005576188578551343e+28
1.664658792499832543e+03 9.844294852538226637e+27
1.678911878011181898e+03 9.927235627305799178e+27
1.693287000811799771e+03 1.001124920975601901e+28
1.707785205805258784e+03 1.019353894567570868e+28
1.722407546841769999e+03 1.044683555233548283e+28
1.737155086794777844e+03 1.070467140081241572e+28
1.752028897638247599e+03 1.049627874649748593e+28
1.767030060524542250e+03 1.009938295794026152e+28
1.782159665863038981e+03 9.835317627176453749e+27
1.797418813399380724e+03 9.888317782910362399e+27
1.812808612295415969e+03 9.941943043262609929e+27
1.828330181209821149e+03 1.000460856227751626e+28
1.843984648379407417e+03 1.006880532331955614e+28
1.859773151701158895e+03 1.028755521263617574e+28
1.875696838814901866e+03 1.056880759098135765e+28
1.891756867186751379e+03 1.059906987377502664e+28
1.907954404193241089e+03 1.014070375286683910e+28
1.924290627206177078e+03 9.877049767571445507e+27
1.940766723678217204e+03 1.029044905047565236e+28
1.957383891229180108e+03 1.063536299914919858e+28
1.974143337733127737e+03 1.066890730260478371e+28
1.991046281406116805e+03 1.070347080281091288e+28
2.008093950894780619e+03 1.074086789667881078e+28
2.025287585365629184e+03 1.077431022830439710e+28
2.042628434595122599e+03 1.079747950475387673e+28
2.060117759060514800e+03 1.082960649316782917e+28
2.077756830031467416e+03 1.088430762296729345e+28
2.095546929662488765e+03 1.088797313397884449e+28
2.113489351086083843e+03 1.084758241837563080e+28
2.131585398506780166e+03 1.082089466117860642e+28
2.149836387295921668e+03 1.080218453988033355e+28
2.168243644087272060e+03 1.103452819908775649e+28
2.186808506873489932e+03 1.120911401023037875e+28
2.205532325103286439e+03 1.119092247581054572e+28
2.224416459779639354e+03 1.112519713399257835e+28
2.243462283558625131e+03 1.102621081475253620e+28
2.262671180849240045e+03 1.097418462076969354e+28
2.282044547914018040e+03 1.100136012343535370e+28
2.301583792970517607e+03 1.113597096897414423e+28
2.321290336293727250e+03 1.130498042068488907e+28
2.341165610319200368e+03 1.148153911398823225e+28
2.361211059747307900e+03 1.166295041873633333e+28
2.381428141648147630e+03 1.190525291169998345e+28
2.401818325567503507e+03 1.200451186289241481e+28
2.422383093633654880e+03 1.177646167185681737e+28
2.443123940665101145e+03 1.160985905860388305e+28
2.464042374279254091e+03 1.146891592367805673e+28
2.485139915001968347e+03 1.135162545467198950e+28
2.506418096378104110e+03 1.139939317408263506e+28
2.527878465082986168e+03 1.150583222939220552e+28
2.549522581034832001e+03 1.165066722737353949e+28
2.571352017508137578e+03 1.175551412019540418e+28
2.593368361248027213e+03 1.184513616987982404e+28
2.615573212585632518e+03 1.244739894394828351e+28
2.637968185554353113e+03 1.335055169758455756e+28
2.660554908007224185e+03 1.328683805693787508e+28
2.683335021735227656e+03 1.325955225081580288e+28
2.706310182586633346e+03 1.327738965791405596e+28
2.729482060587359229e+03 1.331781472037726906e+28
2.752852340062352596e+03 1.334312121572809563e+28
2.776422719758064886e+03 1.337147412480827424e+28
2.800194912965861931e+03 1.422523555071472786e+28
2.824170647646608359e+03 1.467782157770963773e+28
2.848351666556255623e+03 1.450621743254678613e+28
2.872739727372523248e+03 1.454827848916253196e+28
2.897336602822658733e+03 1.560404269885867842e+28
2.922144080812282027e+03 1.554593783568974709e+28
2.947163964555397342e+03 1.543067017313898489e+28
2.972398072705389040e+03 1.589758943991466775e+28
2.997848239487266710e+03 1.666401070453084429e+28
3.023516314830979354e+03 1.642356661811363274e+28
3.049404164505884637e+03 1.752381383799746344e+28
3.075513670256367732e+03 1.735303566259755121e+28
3.101846729938609315e+03 1.805429550822133617e+28
3.128405257658588198e+03 1.823106522788107468e+28
3.155191183911140342e+03 1.850806130391419487e+28
3.182206455720329814e+03 1.964051651596285900e+28
3.209453036780967068e+03 2.016756827831464736e+28
3.236932907601329589e+03 1.976303428604697801e+28
3.264648065647190379e+03 2.059281464489586736e+28
3.292600525486862352e+03 2.168637270259138999e+28
3.320792318937820710e+03 2.255767112590085888e+28
3.349225495214247985e+03 2.405408946008335129e+28
3.377902121076051571e+03 2.513992625466114189e+28
3.406824280979081777e+03 2.454724200515766555e+28
3.435994077226631362e+03 2.414277130492950757e+28
3.465413630122321138e+03 2.489971826612666393e+28
3.495085078124065149e+03 2.582416342666548737e+28
3.525010577999708858e+03 2.730122218155003241e+28
3.555192304983645954e+03 2.915409430427114194e+28
3.585632452935003130e+03 2.867895469151826327e+28
3.616333234497094054e+03 3.068994324017766020e+28
3.647296881258237136e+03 3.152421774469483350e+28
3.678525643914027114e+03 3.225021601095891307e+28
3.710021792430842652e+03 3.389124484873188045e+28
3.741787616210907800e+03 3.676656065111977718e+28
3.773825424258689509e+03 3.721733653090924568e+28
3.806137545348734420e+03 3.745517530347394223e+28
3.838726328194945381e+03 3.881331218906758534e+28
3.871594141621286781e+03 4.149950682509985434e+28
3.904743374734037388e+03 4.191758962477390763e+28
3.938176437095352867e+03 4.388304320158382621e+28
3.971895758898475833e+03 4.662393213527077195e+28
4.005903791144369734e+03 4.740480333022039333e+28
4.040203005819874761e+03 4.875035262403040636e+28
4.074795896077393536e+03 5.113337229754643359e+28
4.109684976416098834e+03 5.135105650199293067e+28
4.144872782864771580e+03 5.617620018574206138e+28
4.180361873166044461e+03 5.626077493268174013e+28
4.216154826962386323e+03 5.559300760434661905e+28
4.252254245983589499e+03 5.313872217932731540e+28
4.288662754235894681e+03 4.634378689786394089e+28
4.325382998192716514e+03 2.797226020297386891e+28
4.362417646986999898e+03 2.624056887381210959e+28
4.399769392605302528e+03 2.784343212051643286e+28
4.437440950083365351e+03 2.953791436793085383e+28
4.475435057703534767e+03 3.435237673994664646e+28
4.513754477193787352e+03 3.527968661622069856e+28
4.552401993928454431e+03 3.956580866161276648e+28
4.591380417130780188e+03 4.031141197642971575e+28
4.630692580076914055e+03 4.434100638924385780e+28
4.670341340302119534e+03 4.805103903925220458e+28
4.710329579808277231e+03 5.229950486055529846e+28
4.750660205273467000e+03 5.664036009031986024e+28
4.791336148263226278e+03 6.214557429797911793e+28
4.832360365443630144e+03 6.833098117904644188e+28
4.873735838796294956e+03 7.573328004269319355e+28
4.915465575834922674e+03 8.544181215739212392e+28
4.957552609824187130e+03 9.706080275598668359e+28
4.999999999999999091e+03 1.111528667974859004e+29
