# Age[Myr]   Lxuv[erg.s-1]
1.000000000000000000e+00 2.628653122190454418e+30
1.008562166358395462e+00 2.614793879326190685e+30
1.017197643409537555e+00 2.601303678093171118e+30
1.025907058851777798e+00 2.587904157217919298e+30
1.034691045757918815e+00 2.574391390374797690e+30
1.043550242621240409e+00 2.560764011854761134e+30
1.052485293401905109e+00 2.547506378213502286e+30
1.061496847573776714e+00 2.534334185371222907e+30
1.070585560171615880e+00 2.521050222932099442e+30
1.079752091838698913e+00 2.507653925226104501e+30
1.088997108874847131e+00 2.494670727042961486e+30
1.098321283284845240e+00 2.481756314167290394e+30
1.107725292827294261e+00 2.468732661903459818e+30
1.117209821063883890e+00 2.455598821487665312e+30
1.126775557409066097e+00 2.442853845656634485e+30
1.136423197180176148e+00 2.430133496351314995e+30
1.146153441647970173e+00 2.417305316921238494e+30
1.155966998087607278e+00 2.404368268405675603e+30
1.165864579830048431e+00 2.391860885918027008e+30
1.175846906313911866e+00 2.379357384098030937e+30
1.185914703137776138e+00 2.366747858916199759e+30
1.196068702112908611e+00 2.354031449306887443e+30
1.206309641316467118e+00 2.341776960342793312e+30
1.216638265145154829e+00 2.329478029578191264e+30
1.227055324369317413e+00 2.317075065520000302e+30
1.237561576187522494e+00 2.304566893741333483e+30
1.248157784281595406e+00 2.292790424666427941e+30
1.258844718872140556e+00 2.280924619033144816e+30
1.269623156774511319e+00 2.268958222355900991e+30
1.280493881455283312e+00 2.256939814745958422e+30
1.291457683089210828e+00 2.245425099023016490e+30
1.302515358616648466e+00 2.233813021223684044e+30
1.313667711801486782e+00 2.222102869178585854e+30
1.324915553289583547e+00 2.210352737275666992e+30
1.336259700667674633e+00 2.199004597179548668e+30
1.347700978522810900e+00 2.187560277784298824e+30
1.359240218502292707e+00 2.176019097112107521e+30
1.370878259374130881e+00 2.164449718868615786e+30
1.382615947087999952e+00 2.153318583366073463e+30
1.394454134836734971e+00 2.142093161008410550e+30
1.406393683118359439e+00 2.130772712918198600e+30
1.418435459798615295e+00 2.119448191797591788e+30
1.430580340174055110e+00 2.108493390262292643e+30
1.442829207035675187e+00 2.097445619753944841e+30
1.455182950733066471e+00 2.086304174113401088e+30
1.467642469239143654e+00 2.075188477052109262e+30
1.480208668215412304e+00 2.064444216903864575e+30
1.492882461077811751e+00 2.053608953430929179e+30
1.505664769063090658e+00 2.042681934194320180e+30
1.518556521295780781e+00 2.031813108447145658e+30
1.531558654855741386e+00 2.021238837408717977e+30
1.544672114846256550e+00 2.010574936958122606e+30
1.557897854462741538e+00 1.999820443797165710e+30
1.571236835062038928e+00 1.989146372479139728e+30
1.584690026232278726e+00 1.978708555974342710e+30
1.598258405863369536e+00 1.968182166855905675e+30
1.611942960218072152e+00 1.957566441231544482e+30
1.625744684003703755e+00 1.947078028326987579e+30
1.639664580444420539e+00 1.936774363660898519e+30
1.653703661354150922e+00 1.926383017462403455e+30
1.667862947210152713e+00 1.915903329028529612e+30
1.682143467227169564e+00 1.905822049978404614e+30
1.696546259432256676e+00 1.896042218686668518e+30
1.711072370740225557e+00 1.886179588199419060e+30
1.725722857029757362e+00 1.876233429328442886e+30
1.740498783220131740e+00 1.866553043682514444e+30
1.755401223348643569e+00 1.856926937942024964e+30
1.770431260648685612e+00 1.847219153084184273e+30
1.785589987628463104e+00 1.837429122770080229e+30
1.800878506150419556e+00 1.827931654879177970e+30
1.816297927511338228e+00 1.818499072473843698e+30
1.831849372523099095e+00 1.808986529848470553e+30
1.847533971594160329e+00 1.799393431320726850e+30
1.863352864811736564e+00 1.790072041810731213e+30
1.879307202024647294e+00 1.780789857853855191e+30
1.895398142926912888e+00 1.771428848861732437e+30
1.911626857142043168e+00 1.761988269922590917e+30
1.927994524308069613e+00 1.752854503893938154e+30
1.944502334163270785e+00 1.743760882716794830e+30
1.961151486632660923e+00 1.734590051920878734e+30
1.977943191915224386e+00 1.725341417820982812e+30
1.994878670571857970e+00 1.716387671492627691e+30
2.011959153614109042e+00 1.707439383961652647e+30
2.029185882593645296e+00 1.698414983101478415e+30
2.046560109692519447e+00 1.689313795463076081e+30
2.064083097814162659e+00 1.680554817914198462e+30
2.081756120675195554e+00 1.671788207528243143e+30
2.099580462898024358e+00 1.662947002563413831e+30
2.117557420104193788e+00 1.654030665639182679e+30
2.135688299008576596e+00 1.645397208026856085e+30
2.153974417514366468e+00 1.636713319175974830e+30
2.172417104808852084e+00 1.627955323737621293e+30
2.191017701460049594e+00 1.619123474261783208e+30
2.209777559514134904e+00 1.610647213746040417e+30
2.228698042593744155e+00 1.602098498412404193e+30
2.247780525997061574e+00 1.593476603043950816e+30
2.267026396797805710e+00 1.584852762139999251e+30
2.286437053946062115e+00 1.576652686733741356e+30
2.306013908369947796e+00 1.568382693783326098e+30
2.325758383078180280e+00 1.560042110463999751e+30
2.345671913263528197e+00 1.551806628310615678e+30
2.365755946407106070e+00 1.543966483961157366e+30
2.386011942383607032e+00 1.536059467030842436e+30
2.406441373567409059e+00 1.528084997858775530e+30
2.427045724939618232e+00 1.520200744564885223e+30
2.447826494195983749e+00 1.512548458392655068e+30
2.468785191855773054e+00 1.504831022948027552e+30
2.489923341371585330e+00 1.497047893739672981e+30
2.511242479240060277e+00 1.489321475216790261e+30
2.532744155113582973e+00 1.481789362997357829e+30
2.554429931912913787e+00 1.474192886865051843e+30
2.576301385940816591e+00 1.466531418188741591e+30
2.598360106996607133e+00 1.458914525257389900e+30
2.620607698491724591e+00 1.451540025244201472e+30
2.643045777566302768e+00 1.444102450724355459e+30
2.665675975206679649e+00 1.436601272837378748e+30
2.688499936363971887e+00 1.429132879597115623e+30
2.711519320073655148e+00 1.421889333007266697e+30
2.734735799576129445e+00 1.414583571878327014e+30
2.758151062438353840e+00 1.407215057009697768e+30
2.781766810676535862e+00 1.399867641678600155e+30
2.805584760879811679e+00 1.392747069518060013e+30
2.829606644335043608e+00 1.385565320023962166e+30
2.853834207152655456e+00 1.378321789448476947e+30
2.878269210393575861e+00 1.371095006260345243e+30
2.902913430197213263e+00 1.364061354735074606e+30
2.927768657910576167e+00 1.356966796396720158e+30
2.952836700218502308e+00 1.349810859606009925e+30
2.978119379274948297e+00 1.342691884072013275e+30
3.003618532835462318e+00 1.335804451400906362e+30
3.029336014390752840e+00 1.328857302044784847e+30
3.055273693301444826e+00 1.321849933418606862e+30
3.081433454933920846e+00 1.314905453110576271e+30
3.107817200797383883e+00 1.308146005571658090e+30
3.134426848682093869e+00 1.301327623353288711e+30
3.161264332798730869e+00 1.294449770765533320e+30
3.188331603919009272e+00 1.287667944649431615e+30
3.215630629517493233e+00 1.281057763693834060e+30
3.243163393914573867e+00 1.274389815897119916e+30
3.270931898420722295e+00 1.267663616000934623e+30
3.298938161481982601e+00 1.261145036980407692e+30
3.327184218826650053e+00 1.254834142589364924e+30
3.355672123613271829e+00 1.248467973801999201e+30
3.384403946579871647e+00 1.242046058987664915e+30
3.413381776194498229e+00 1.235829060448790742e+30
3.442607718806991457e+00 1.229744898758646619e+30
3.472083898802105661e+00 1.223607229270473813e+30
3.501812458753955415e+00 1.217415587816925023e+30
3.531795559581708766e+00 1.211379221847085282e+30
3.562035380706689125e+00 1.205453504531980567e+30
3.592534120210783222e+00 1.199475513789496474e+30
3.623293994996239498e+00 1.193444769160177831e+30
3.654317240946772127e+00 1.187520569582393935e+30
3.685606113090103442e+00 1.181717581917777045e+30
3.717162885761899904e+00 1.175862744829460411e+30
3.748989852771046571e+00 1.169955590300144774e+30
3.781089327566408365e+00 1.164103326272924098e+30
3.813463643404977788e+00 1.158380826334603391e+30
3.846115153521503682e+00 1.152606683168085655e+30
3.879046231299500658e+00 1.146780474950459592e+30
3.912259270443785297e+00 1.141009595866313508e+30
3.945756685154500065e+00 1.135428226562974560e+30
3.979540910302543644e+00 1.129795496554635990e+30
4.013614401606586668e+00 1.124110922475618414e+30
4.047979635811593369e+00 1.118477761633752607e+30
4.082639110868809595e+00 1.113052003094989305e+30
4.117595346117351340e+00 1.107575585209995978e+30
4.152850882467362226e+00 1.102048008403522279e+30
4.188408282584657805e+00 1.096579868027138914e+30
4.224270131077028090e+00 1.091314192635065897e+30
4.260439034682101500e+00 1.085997795198771083e+30
4.296917622456851049e+00 1.080630196612246252e+30
4.333708545968647741e+00 1.075331069596910387e+30
4.370814479488022819e+00 1.070254796052524174e+30
4.408238120183082032e+00 1.065128008541986293e+30
4.445982188315509731e+00 1.059950195094855286e+30
4.484049427438330682e+00 1.054865379700210472e+30
4.522442604595315885e+00 1.050012853257993884e+30
4.561164510522155879e+00 1.045108587995040957e+30
4.600217959849255855e+00 1.040152071580683345e+30
4.639605791306354199e+00 1.035323849614244313e+30
4.679330867928894300e+00 1.030773985978862343e+30
4.719396077266075906e+00 1.026170281588706383e+30
4.759804331590776982e+00 1.021512233264106010e+30
4.800558568111268798e+00 1.017109125557140437e+30
4.841661749184657637e+00 1.013110363626735026e+30
4.883116862532245861e+00 1.009048286402552846e+30
4.924926921456733275e+00 1.004922504426158150e+30
4.967094965061185974e+00 1.001634240994943150e+30
5.009624058469988483e+00 9.994386899699185102e+29
5.052517293051618452e+00 9.971250981426488409e+29
5.095777786643394869e+00 9.946952437712804992e+29
5.139408683778052378e+00 9.896803096488230404e+29
5.183413155912330872e+00 9.819837875888809707e+29
5.227794401657547496e+00 9.741973210981110589e+29
5.272555647012027613e+00 9.663181175336642056e+29
5.317700145595641636e+00 9.585899119365658278e+29
5.363231178886285200e+00 9.511311287328925434e+29
5.409152056458442104e+00 9.435856919681079283e+29
5.455466116223695927e+00 9.359509591952772580e+29
5.502176724673381258e+00 9.290069771484233443e+29
5.549287277123326589e+00 9.235622024276821271e+29
5.596801197960582286e+00 9.180759051805920355e+29
5.644721940892376999e+00 9.125478227543003874e+29
5.693052989197181724e+00 9.068687763986241792e+29
5.741797855977847753e+00 9.008285319314350114e+29
5.790960084416997056e+00 8.947373346380017321e+29
5.840543248034602897e+00 8.885946193825291376e+29
5.890550950947678999e+00 8.825293449944905577e+29
5.940986828132296615e+00 8.770491132038857677e+29
5.991854545687789191e+00 8.715260556095442776e+29
6.043157801103275162e+00 8.659598628322126850e+29
6.094900323526356800e+00 8.603562038287995296e+29
6.147085874034214470e+00 8.547597005940592619e+29
6.199718245907038572e+00 8.491175744039062955e+29
6.252801264903673939e+00 8.434293724433477984e+29
6.306338789539764456e+00 8.377179137739846964e+29
6.360334711368192728e+00 8.327218629501117300e+29
6.414792955262003993e+00 8.276876177740328143e+29
6.469717479699619744e+00 8.226149526947639843e+29
6.525112277052613763e+00 8.175036171850442586e+29
6.580981373875946616e+00 8.123958577737629778e+29
6.637328831200573376e+00 8.072492391696872437e+29
6.694158744828687446e+00 8.020623462659312976e+29
6.751475245631404221e+00 7.968348863539706092e+29
6.809282499849088843e+00 7.919678001247135796e+29
6.867584709394107811e+00 7.871029242255506574e+29
6.926386112156298402e+00 7.822009276832679592e+29
6.985690982311060004e+00 7.772615759106333438e+29
7.045503630629950109e+00 7.724854711812575915e+29
7.105828404794068298e+00 7.677057535648352157e+29
7.166669689710126079e+00 7.628894425312233935e+29
7.228031907829095104e+00 7.580363056579042542e+29
7.289919519467702003e+00 7.536925523640388088e+29
7.352337023132698768e+00 7.493994624123658506e+29
7.415288955847750607e+00 7.450731872796942071e+29
7.478779893483291197e+00 7.407135203473332473e+29
7.542814451089102867e+00 7.362764813029861036e+29
7.607397283229836660e+00 7.317987422612053587e+29
7.672533084323255537e+00 7.272868052376820997e+29
7.738226588981508058e+00 7.227404574842109165e+29
7.804482572355325942e+00 7.184359166929602428e+29
7.871305850481030930e+00 7.141378062025892373e+29
7.938701280630660051e+00 7.098068871002267769e+29
8.006673761665009437e+00 7.054429469265257985e+29
8.075228234389784987e+00 7.016085583990426760e+29
8.144369681914643166e+00 6.978622520883929275e+29
8.214103130015450560e+00 6.940862235908381111e+29
8.284433647499659159e+00 6.902802516350401534e+29
8.355366346574639280e+00 6.863810500631601508e+29
8.426906383219332497e+00 6.824249208114451988e+29
8.499058957559080696e+00 6.784386900986432935e+29
8.571829314243512243e+00 6.744221757468698612e+29
8.645222742827819218e+00 6.705132211584700475e+29
8.719244578157294256e+00 6.666810111032550907e+29
8.793900200755013330e+00 6.628196300674600184e+29
8.869195037213005506e+00 6.589288947940636176e+29
8.945134560586659234e+00 6.549400305498353467e+29
9.021724290792635159e+00 6.508226563212633199e+29
9.098969795009978156e+00 6.466726214842334856e+29
9.176876688084849576e+00 6.422179479743917421e+29
9.255450632938712729e+00 6.291315966202151887e+29
9.334697340979849045e+00 6.180910892405544730e+29
9.414622572518590360e+00 6.070793827151889018e+29
9.495232137185981358e+00 5.960982573511908524e+29
9.576531894356151042e+00 5.858601507794089127e+29
9.658527753572107244e+00 5.795985230278052944e+29
9.741225674975350302e+00 5.733258821319008918e+29
9.824631669739160245e+00 5.670427295943370892e+29
9.908751800505427809e+00 5.607308804720039865e+29
9.993592181825405873e+00 5.540122194648089802e+29
1.007915898060413440e+01 5.472881548476769969e+29
1.016545841654878046e+01 5.405593553572826742e+29
1.025249676262060206e+01 5.338264914836100387e+29
1.034028034549107034e+01 5.268177641775362316e+29
1.042881554600161209e+01 5.197884328284576938e+29
1.051810879962749823e+01 5.127598387037746594e+29
1.060816659694558872e+01 5.057328036210348445e+29
1.069899548410621115e+01 4.985726943300677086e+29
1.079060206330884775e+01 4.913843503850644028e+29
1.088299299328212300e+01 4.842015904619981528e+29
1.097617498976785555e+01 4.770253263589968459e+29
1.107015482600910516e+01 4.697961069887872286e+29
1.116493933324258947e+01 4.625455861217413109e+29
1.126053540119518281e+01 4.553050227707958587e+29
1.135694997858481692e+01 4.480754222347723931e+29
1.145419007362543340e+01 4.430078689607686109e+29
1.155226275453647489e+01 4.396898265537518741e+29
1.165117515005671045e+01 4.363563034602288807e+29
1.175093444996229941e+01 4.330073705165697278e+29
1.185154790558947546e+01 4.276956918135198795e+29
1.195302283036160063e+01 4.201130963501524752e+29
1.205536660032085550e+01 4.125504863492949494e+29
1.215858665466422117e+01 4.050090755549118751e+29
1.226269049628442254e+01 3.990170879768983033e+29
1.236768569231512416e+01 3.954237987287920790e+29
1.247357987468107154e+01 3.918192951980683201e+29
1.258038074065282608e+01 3.882037741108173306e+29
1.268809605340622149e+01 3.846271425323485821e+29
1.279673364258678703e+01 3.811348897592999096e+29
1.290630140487866306e+01 3.776321243848884783e+29
1.301680730457882795e+01 3.741190478100927205e+29
1.312825937417580668e+01 3.705472652346035947e+29
1.324066571493366595e+01 3.668656180673581520e+29
1.335403449748080185e+01 3.631755578146354434e+29
1.346837396240398554e+01 3.594773467733940759e+29
1.358369242084716788e+01 3.556752729757724691e+29
1.369999825511570890e+01 3.516825703540484626e+29
1.381729991928573753e+01 3.476846086130071605e+29
1.393560593981850282e+01 3.436817400836100949e+29
1.405492491618027273e+01 3.395522970449674444e+29
1.417526552146733820e+01 3.352292586256825611e+29
1.429663650303656652e+01 3.309048693853166302e+29
1.441904668314104576e+01 3.265795993258974576e+29
1.454250495957156808e+01 3.221751576805514066e+29
1.466702030630321119e+01 3.176813371265373737e+29
1.479260177414774091e+01 3.131894479181093765e+29
1.491925849141149030e+01 3.087000428954571466e+29
1.504699966455882709e+01 3.042153576136051481e+29
1.517583457888150100e+01 2.997353449366538926e+29
1.530577259917334310e+01 2.952592554809683404e+29
1.543682317041123397e+01 2.907876696542917130e+29
1.556899581844142766e+01 2.863803166719998454e+29
1.570230015067208562e+01 2.820026357190592754e+29
1.583674585677156621e+01 2.776301267350838357e+29
1.597234270937287270e+01 2.732633816778482406e+29
1.610910056478382657e+01 2.690032052371963436e+29
1.624702936370359652e+01 2.647642028660729748e+29
1.638613913194535954e+01 2.605312561080733853e+29
1.652643998116488788e+01 2.564856906880259339e+29
1.666794210959566058e+01 2.555048791716985803e+29
1.681065580279008742e+01 2.545139930092654689e+29
1.695459143436730187e+01 2.535129176102769304e+29
1.709975946676697944e+01 2.515615316102571692e+29
1.724617045200994880e+01 2.471358043660565387e+29
1.739383503246530438e+01 2.427205487651379840e+29
1.754276394162375752e+01 2.383164527917565999e+29
1.769296800487800070e+01 2.357588767075237691e+29
1.784445814030949862e+01 2.349273621938623696e+29
1.799724535948224968e+01 2.340867030852553203e+29
1.815134076824296017e+01 2.332367870628253975e+29
1.830675556752857958e+01 2.293743370592094982e+29
1.846350105418024157e+01 2.247199245483392967e+29
1.862158862176454122e+01 2.200825584655909984e+29
1.878102976140165481e+01 2.157861858938588753e+29
1.894183606260074981e+01 2.149376521486775889e+29
1.910401921410219472e+01 2.140809945168041107e+29
1.926759100472727937e+01 2.132161284212920440e+29
1.943256332423527510e+01 2.109664790411911538e+29
1.959894816418742991e+01 2.067607719430573009e+29
1.976675761881877591e+01 2.025694052508115609e+29
1.993600388591713823e+01 1.983931153244832715e+29
2.010669926770997762e+01 1.968733528721310167e+29
2.027885617175833843e+01 1.961290771456577513e+29
2.045248711185886847e+01 1.953775156228054518e+29
2.062760470895354104e+01 1.941557497924377532e+29
2.080422169204681992e+01 1.904315901410903356e+29
2.098235089913106322e+01 1.867184722247709064e+29
2.116200527811960796e+01 1.830170245576859647e+29
2.134319788778810789e+01 1.811157440146819801e+29
2.152594189872345964e+01 1.805418978062288469e+29
2.171025059428148296e+01 1.799616320388966542e+29
2.189613737155217521e+01 1.793329328614882388e+29
2.208361574233368430e+01 1.759885402614800190e+29
2.227269933411442437e+01 1.726529778027908335e+29
2.246340189106359020e+01 1.693267940229845533e+29
2.265573727503037205e+01 1.674644407649683062e+29
2.284971946655123176e+01 1.671397202969783971e+29
2.304536256586651177e+01 1.668095179911592923e+29
2.324268079394499864e+01 1.664737378578872260e+29
2.344168849351783734e+01 1.633260017685145647e+29
2.364240013012097563e+01 1.601581123586503056e+29
2.384483029314682057e+01 1.569995588855032852e+29
2.404899369690444644e+01 1.541338978642015397e+29
2.425490518168929555e+01 1.515374909841010829e+29
2.446257971486202720e+01 1.489454132335103866e+29
2.467203239193618458e+01 1.465191433707692781e+29
2.488327843767566350e+01 1.461125776718840881e+29
2.509633320720126548e+01 1.457013338919588897e+29
2.531121218710704568e+01 1.452853514752184678e+29
2.552793099658570242e+01 1.435137464646932526e+29
2.574650538856405291e+01 1.410570936614319572e+29
2.596695125084826472e+01 1.386046491677763483e+29
2.618928460727837049e+01 1.368668451945301158e+29
2.641352161889325245e+01 1.369988500778908796e+29
2.663967858510523357e+01 1.371281902710091562e+29
2.686777194488508513e+01 1.372547648317361626e+29
2.709781827795656639e+01 1.348918697604403797e+29
2.732983430600199881e+01 1.323184846341631658e+29
2.756383689387737235e+01 1.297515536564518459e+29
2.779984305083842600e+01 1.274834004487933349e+29
2.803786993177692821e+01 1.254220072540623070e+29
2.827793483846785350e+01 1.233628555878250174e+29
2.852005522082668421e+01 1.213617070010604203e+29
2.876424867817796738e+01 1.195006519477030924e+29
2.901053296053478192e+01 1.176407532681847125e+29
2.925892596988859395e+01 1.158090846137134429e+29
2.950944576151075438e+01 1.157961598060659116e+29
2.976211054526479671e+01 1.157809800415193261e+29
3.001693868693030609e+01 1.157634850745616356e+29
3.027394870953756367e+01 1.143437986581268858e+29
3.053315929471408907e+01 1.124991550583256563e+29
3.079458928404281792e+01 1.106561455913604629e+29
3.105825768043125379e+01 1.089441145241196271e+29
3.132418364949301548e+01 1.073379911066716811e+29
3.159238652094084188e+01 1.057321531585564952e+29
3.186288578999186782e+01 1.041710183161890532e+29
3.213570111878426161e+01 1.026892953519129254e+29
3.241085233780696484e+01 1.012073630047109546e+29
3.268835944734065890e+01 1.000820621503667101e+29
3.296824261891181607e+01 1.004309314761521245e+29
3.325052219675887955e+01 1.007803934678604225e+29
3.353521869931098109e+01 1.010231035038782470e+29
3.382235282067965443e+01 9.944692902123842103e+28
3.411194543216259234e+01 9.787126038449997211e+28
3.440401758376127361e+01 9.629629702131878702e+28
3.469859050571059100e+01 9.495732344768111773e+28
3.499568561002232769e+01 9.363106963002349404e+28
3.529532449204137379e+01 9.230417391693253362e+28
3.559752893201577706e+01 9.107061572163639188e+28
3.590232089667949111e+01 8.985149875359984026e+28
3.620972254084928466e+01 8.863135312365691772e+28
3.651975620903537134e+01 8.749976598747475282e+28
3.683244443706518467e+01 8.638924848771434721e+28
3.714780995372169059e+01 8.527733942897949474e+28
3.746587568239543486e+01 8.422873702366319857e+28
3.778666474275106424e+01 8.319865785285027184e+28
3.811020045240734078e+01 8.216697981763561817e+28
3.843650632863264605e+01 8.118012060805901103e+28
3.876560609005391456e+01 8.020693856600242502e+28
3.909752365838098598e+01 7.923202905543676763e+28
3.943228316014534585e+01 7.832241549239507378e+28
3.976990892845378056e+01 7.743146026024106089e+28
4.011042550475743695e+01 7.653859746225279517e+28
4.045385764063510692e+01 7.569528579499150279e+28
4.080023029959307479e+01 7.486279169569795913e+28
4.114956865887903348e+01 7.402826617650263656e+28
4.150189811131257045e+01 7.325848953550379484e+28
4.185724426713071722e+01 7.249737878398623541e+28
4.221563295584988396e+01 7.173413094528801281e+28
4.257709022814283628e+01 7.103208036653311220e+28
4.294164235773251193e+01 7.033180219709134958e+28
4.330931584330213724e+01 6.963335059312444419e+28
4.368013741042078379e+01 6.902088858549167315e+28
4.405413401348637592e+01 6.840611911985495657e+28
4.443133283768480624e+01 6.780995946567017493e+28
4.481176130096629606e+01 6.731751610313351666e+28
4.519544705603787094e+01 6.682282166362917402e+28
4.558241799237362812e+01 6.595282973520254466e+28
4.597270223824224900e+01 6.424534462985257897e+28
4.636632816275105284e+01 6.254224883339896866e+28
4.676332437790848218e+01 6.140521372630487965e+28
4.716371974070364814e+01 6.091165634527415327e+28
4.756754335520429322e+01 6.041583527242436006e+28
4.797482457467164352e+01 5.997224442605828749e+28
4.838559300369480809e+01 5.955702577706560273e+28
4.879987850034206076e+01 5.913963716017761874e+28
4.921771117833147002e+01 5.885982930202645772e+28
4.963912140921970462e+01 5.860674105973258980e+28
5.006413982461003087e+01 5.831151542626773713e+28
5.049279731837830809e+01 5.692241640347534580e+28
5.092512504891890046e+01 5.553444631362438501e+28
5.136115444140983044e+01 5.443022742737231212e+28
5.180091719009642048e+01 5.416024623911649630e+28
5.224444526059549077e+01 5.388848569935941573e+28
5.269177089221868471e+01 5.322832922440588610e+28
5.314292660031632209e+01 5.214786264212592528e+28
5.359794517864023078e+01 5.106626741979556394e+28
5.405685970172779520e+01 5.060834118867148850e+28
5.451970352730643299e+01 5.039723876653137646e+28
5.498651029871762574e+01 5.018450158625290288e+28
5.545731394736286290e+01 5.038934222809292267e+28
5.593214869516983612e+01 5.061545205836415734e+28
5.641104905708039041e+01 5.053842175300376019e+28
5.689404984355859796e+01 4.925301990546064997e+28
5.738118616312198128e+01 4.796721087568727706e+28
5.787249342489269566e+01 4.689048407637793677e+28
5.836800734117176859e+01 4.606869929833064242e+28
5.886776393003492558e+01 4.524388035419836413e+28
5.937179951795051380e+01 4.497450495819337724e+28
5.988015074242051128e+01 4.495066416538886723e+28
6.039285455464278130e+01 4.492639533574944096e+28
6.090994822219801108e+01 4.422197016988592495e+28
6.143146933175772517e+01 4.346590905574121372e+28
6.195745579181689777e+01 4.272642001312196262e+28
6.248794583544923142e+01 4.208524490630193766e+28
6.302297802308675045e+01 4.144047613891062989e+28
6.356259124532191862e+01 4.104422793553400728e+28
6.410682472573492419e+01 4.105905134440190630e+28
6.465571802374516608e+01 4.107374384100108303e+28
6.520931103748597479e+01 4.045605076271559274e+28
6.576764400670528232e+01 3.954755003929223974e+28
6.633075751569028000e+01 3.880164650404927619e+28
6.689869249621800407e+01 3.851382834485504333e+28
6.747149023052962491e+01 3.821571346174781059e+28
6.804919235433226277e+01 3.780944805031510562e+28
6.863184085982450711e+01 3.739421592918129006e+28
6.921947809874924928e+01 3.687482850659101507e+28
6.981214678547205210e+01 3.651797254934854626e+28
7.040989000008582366e+01 3.685738548715380144e+28
7.101275119154288973e+01 3.662781711194097200e+28
7.162077418081207725e+01 3.574090766042076722e+28
7.223400316406525690e+01 3.584619815478823469e+28
7.285248271588883995e+01 3.556770673255300155e+28
7.347625779252440736e+01 3.438265452656164450e+28
7.410537373513621162e+01 3.432071828186509873e+28
7.473987627310751236e+01 3.426332626826674343e+28
7.537981152736374213e+01 3.415387686431620027e+28
7.602522601372537281e+01 3.395802910747807468e+28
7.667616664628950218e+01 3.364049712394233492e+28
7.733268074083908061e+01 3.318519268081835641e+28
7.799481601828281896e+01 3.262324826821933754e+28
7.866262060812364609e+01 3.198390586264509968e+28
7.933614305195774818e+01 3.229431834273364659e+28
8.001543230700205811e+01 3.198257066723743343e+28
8.070053774965336402e+01 3.111007737942702176e+28
8.139150917907787175e+01 3.129531597143268960e+28
8.208839682082999900e+01 3.011575987811551503e+28
8.279125133050392549e+01 2.993009562386928072e+28
8.350012379741525592e+01 2.973565542380470038e+28
8.421506574831533953e+01 2.990222579560602553e+28
8.493612915113544659e+01 2.929725450660755933e+28
8.566336641876561941e+01 2.964935952663522422e+28
8.639683041286328091e+01 2.964038176116436764e+28
8.713657444769630445e+01 2.881101885619281465e+28
8.788265229401800127e+01 2.812507795633733225e+28
8.863511818297639877e+01 2.854128639376145392e+28
8.939402681005508100e+01 2.804577109370086541e+28
9.015943333904944268e+01 2.829666907613468925e+28
9.093139340607704924e+01 2.739299560198302263e+28
9.170996312362058234e+01 2.664442527451677294e+28
9.249519908460733575e+01 2.705981645993709176e+28
9.328715836652244775e+01 2.642266944658949988e+28
9.408589853555859861e+01 2.612481530943879192e+28
9.489147765079916041e+01 2.646278731016288179e+28
9.570395426843906250e+01 2.581992997227002318e+28
9.652338744604170984e+01 2.598598013985543623e+28
9.734983674683056165e+01 2.540546607063548122e+28
9.818336224401956258e+01 2.559298142555802528e+28
9.902402452517925724e+01 2.591838650969395278e+28
9.987188469664167201e+01 2.461026906233869316e+28
1.007270043879405961e+02 2.463076718670747761e+28
1.015894457562929745e+02 2.463469642850737126e+28
1.024592714911155440e+02 2.461418150091121429e+28
1.033365448185824533e+02 2.456178181115360810e+28
1.042213295062209539e+02 2.446963001450183050e+28
1.051136898675459292e+02 2.433010776625098850e+28
1.060136907667370707e+02 2.413774305670173310e+28
1.069213976233489234e+02 2.391410004688278969e+28
1.078368764170721903e+02 2.367503312254325093e+28
1.087601936925248793e+02 2.341302976320556722e+28
1.096914165640915968e+02 2.327678799662257435e+28
1.106306127208013947e+02 2.325319794014327819e+28
1.115778504312476542e+02 2.319669604738000843e+28
1.125331985485521500e+02 2.307145879316935790e+28
1.134967265153672002e+02 2.294486284255214324e+28
1.144685043689250818e+02 2.298674932628387062e+28
1.154486027461285289e+02 2.320240021987401737e+28
1.164370928886851999e+02 2.341758915939994253e+28
1.174340466482860421e+02 2.342774264789243248e+28
1.184395364918277522e+02 2.319759260137206850e+28
1.194536355066820335e+02 2.296680537423231847e+28
1.204764174060053676e+02 2.292248347685128210e+28
1.215079565340990655e+02 2.309389431163696792e+28
1.225483278718127167e+02 2.326586437375066405e+28
1.235976070419943653e+02 2.343836779863937622e+28
1.246558703149874958e+02 2.339489388357545790e+28
1.257231946141744743e+02 2.325091894453009704e+28
1.267996575215699551e+02 2.310625112589127887e+28
1.278853372834572042e+02 2.296089297547581143e+28
1.289803128160776566e+02 2.281484721087528397e+28
1.300846637113668010e+02 2.292152205532893627e+28
1.311984702427394609e+02 2.312853058849357453e+28
1.323218133709247581e+02 2.333752719391894316e+28
1.334547747498506283e+02 2.354852665643034987e+28
1.345974367325810590e+02 2.375526610093781298e+28
1.357498823772990022e+02 2.378197170563840648e+28
1.369121954533460439e+02 2.380888191391606454e+28
1.380844604473107324e+02 2.383599799382899766e+28
1.392667625691698845e+02 2.386332122297344663e+28
1.404591877584822726e+02 2.389085286731912162e+28
1.416618226906348923e+02 2.399335964992043951e+28
1.428747547831456473e+02 2.410931843330547012e+28
1.440980722020138671e+02 2.422646494990830423e+28
1.453318638681316202e+02 2.434481248662994792e+28
1.465762194637462130e+02 2.446437447692219830e+28
1.478312294389788804e+02 2.458516452140635408e+28
1.490969850184021652e+02 2.455986202870760554e+28
1.503735782076643090e+02 2.449583451088192959e+28
1.516611018001854916e+02 2.443128970366089280e+28
1.529596493838962203e+02 2.436622381623617350e+28
1.542693153480429942e+02 2.430063304440425818e+28
1.555901948900486786e+02 2.423451355104806943e+28
1.569223840224318280e+02 2.416786150171177017e+28
1.582659795797885351e+02 2.410277216366497861e+28
1.596210792258244453e+02 2.407400189648486598e+28
1.609877814604625712e+02 2.404498495492952207e+28
1.623661856269960424e+02 2.401571924500201397e+28
1.637563919193125059e+02 2.398620264591283930e+28
1.651585013891762515e+02 2.395643302497471113e+28
1.665726159535729494e+02 2.392640823126760301e+28
1.679988384021205547e+02 2.389612609779658888e+28
1.694372724045367136e+02 2.386558443515896403e+28
1.708880225181771095e+02 2.383478104007465645e+28
1.723511941956349744e+02 2.385692130980415668e+28
1.738268937924061106e+02 2.394949888741859973e+28
1.753152285746198231e+02 2.404301468878875746e+28
1.768163067268351085e+02 2.413747920814064504e+28
1.783302373599073576e+02 2.423290308861681748e+28
1.798571305189150280e+02 2.432929707952412939e+28
1.813970971911616061e+02 2.442667209442997665e+28
1.829502493142423418e+02 2.452503916207047884e+28
1.845166997841808154e+02 2.462440946567187375e+28
1.860965624636350526e+02 2.472479431907009241e+28
1.876899521901734715e+02 2.480869619773440567e+28
1.892969847846250104e+02 2.477767065017172726e+28
1.909177770594936021e+02 2.474638926570485313e+28
1.925524468274520302e+02 2.471485003294572743e+28
1.942011129099047650e+02 2.468305092091213069e+28
1.958638951456248947e+02 2.465098989071316186e+28
1.975409143994650663e+02 2.461866488408700990e+28
1.992322925711420112e+02 2.458607383315613762e+28
2.009381526041006509e+02 2.455321465475746962e+28
2.026586184944455908e+02 2.452008524863715255e+28
2.043938152999576232e+02 2.449416598572249125e+28
2.061438691491830184e+02 2.447070098056274020e+28
2.079089072506007483e+02 2.444704143666810362e+28
2.096890579018734684e+02 2.442318580491624220e+28
2.114844504991636711e+02 2.439913251817855451e+28
2.132952155465513044e+02 2.437488000210863785e+28
2.151214846655107067e+02 2.435042666717140073e+28
2.169633906044818161e+02 2.436279874234117709e+28
2.188210672485189150e+02 2.456058985821941865e+28
2.206946496290214554e+02 2.476064437567832160e+28
2.225842739335538454e+02 2.496299050337672692e+28
2.244900775157346686e+02 2.516765684169608740e+28
2.264121989052334811e+02 2.537467236561789622e+28
2.283507778178301919e+02 2.558406643973034496e+28
2.303059551655754547e+02 2.553055397118649722e+28
2.322778730670322602e+02 2.546325930272556899e+28
2.342666748576054943e+02 2.539544926872524147e+28
2.362725050999654002e+02 2.532712054424713943e+28
2.382955095945451660e+02 2.525826979015235190e+28
2.403358353901522548e+02 2.519541775031727442e+28
2.423936307946466684e+02 2.515808303116231484e+28
2.444690453857259058e+02 2.512044710969862493e+28
2.465622300217966085e+02 2.508250773295771571e+28
2.486733368529392010e+02 2.504426263068783972e+28
2.508025193319713537e+02 2.500581120819374450e+28
2.529499322255963705e+02 2.497622740062031496e+28
2.551157316256567640e+02 2.494640165010556750e+28
2.573000749604794350e+02 2.491633208347898153e+28
2.595031210063186222e+02 2.488601681849095993e+28
2.617250298988975601e+02 2.485704992829015306e+28
2.639659631450468282e+02 2.483128635044386652e+28
2.662260836344487984e+02 2.480531071514348812e+28
2.685055556514710133e+02 2.477912135612349587e+28
2.708045448871123426e+02 2.475271659787384993e+28
2.731232184510453180e+02 2.472926646297183830e+28
2.754617448837635720e+02 2.470579336536587767e+28
2.778202941688322198e+02 2.468212648984831794e+28
2.801990377452429470e+02 2.466423362144864368e+28
2.825981485198800556e+02 2.498156745867248883e+28
2.850178008800818361e+02 2.530305925349815864e+28
2.874581707063210843e+02 2.562876550897350576e+28
2.899194353849886738e+02 2.586859030478457299e+28
2.924017738212869517e+02 2.579910252183983769e+28
2.949053664522347731e+02 2.572908419362963643e+28
2.974303952597811076e+02 2.565853193195549154e+28
2.999770437840386421e+02 2.560292966679697531e+28
3.025454971366173140e+02 2.555707921406025190e+28
3.051359420140844350e+02 2.551086376882063112e+28
3.077485667115347496e+02 2.546546065141750218e+28
3.103835611362753752e+02 2.542841678571142178e+28
3.130411168216365922e+02 2.539107388876645033e+28
3.157214269408800646e+02 2.535342972011615298e+28
3.184246863212578660e+02 2.532028950013149912e+28
3.211510914581603515e+02 2.528790680174952966e+28
3.239008405294054000e+02 2.525526068301099410e+28
3.266741334096422520e+02 2.522526186426564215e+28
3.294711716848789251e+02 2.519665621423437508e+28
3.322921586671416776e+02 2.516781616503959400e+28
3.351372994092387216e+02 2.514022042721424248e+28
3.380068007196839517e+02 2.511352352183778201e+28
3.409008711777148619e+02 2.508660740871926943e+28
3.438197211484604736e+02 2.506132632241797878e+28
3.467635627982306232e+02 2.503715476215250658e+28
3.497326101099375819e+02 2.501278368437526628e+28
3.527270788986547245e+02 2.530937261030702281e+28
3.557471868272958204e+02 2.584738034522334381e+28
3.587931534224423444e+02 2.639400176038399451e+28
3.618652000902985719e+02 2.647789503641896122e+28
3.649635501327857128e+02 2.632574629668686250e+28
3.680884287637732655e+02 2.617259875717318265e+28
3.712400631254475343e+02 2.609439529105376176e+28
3.744186823048288488e+02 2.603610034002306391e+28
3.776245173504139530e+02 2.597735017980182438e+28
3.808578012889769866e+02 2.593360819483868319e+28
3.841187691425059256e+02 2.589026614052589429e+28
3.874076579452861324e+02 2.585160677886980138e+28
3.907247067611300508e+02 2.581773558164102281e+28
3.940701567007524773e+02 2.578358825462066828e+28
3.974442509393032879e+02 2.575153456850532190e+28
4.008472347340334068e+02 2.572549167450289636e+28
4.042793554421290310e+02 2.569923355992654287e+28
4.077408625386893846e+02 2.567275851873300359e+28
4.112320076348613043e+02 2.564606483299495364e+28
4.147530444961279272e+02 2.562377447086040048e+28
4.183042290607530163e+02 2.560436852746377964e+28
4.218858194583914951e+02 2.558480013540586149e+28
4.254980760288422061e+02 2.556506796963905902e+28
4.291412613409783035e+02 2.554517069401388434e+28
4.328156402118314645e+02 2.552510696295689144e+28
4.365214797258405497e+02 2.550487542096315477e+28
4.402590492542661309e+02 2.549013663571656324e+28
4.440286204747683314e+02 2.547574387951721136e+28
4.478304673911621308e+02 2.546122952837738054e+28
4.516648663533232479e+02 2.544659257016560676e+28
4.555320960772828585e+02 2.543183198524843183e+28
4.594324376654851108e+02 2.541694674498109048e+28
4.633661746272181858e+02 2.540193581325206480e+28
4.673335928992316894e+02 2.538679814459270263e+28
4.713349808664996203e+02 2.537153268610425246e+28
4.753706293832096321e+02 2.541021067646553186e+28
4.794408317938838877e+02 2.549042222374022701e+28
4.835458839547105185e+02 2.557141657907781702e+28
4.876860842550481721e+02 2.565320205285148081e+28
4.918617336391122876e+02 2.573578705427284008e+28
4.960731356278611202e+02 2.581918009620803566e+28
5.003205963410356958e+02 2.590338978614771124e+28
5.046044245194393056e+02 2.598842483697808437e+28
5.089249315473570618e+02 2.607429406192737107e+28
5.132824314752004966e+02 2.616100638341835862e+28
5.176772410423328665e+02 2.624857082205550355e+28
5.221096797000903962e+02 2.633699651547774294e+28
5.265800696350111139e+02 2.642629270138235599e+28
5.310887357922415504e+02 2.642941391563677035e+28
5.356360058991646156e+02 2.641110426557097634e+28
5.402222104892197194e+02 2.639264037970622434e+28
5.448476829259284386e+02 2.637402098330666627e+28
5.495127594271266389e+02 2.635524479097054474e+28
5.542177790894003238e+02 2.633631050746372400e+28
5.589630839127441959e+02 2.631721682774734492e+28
5.637490188254067789e+02 2.629796243580017321e+28
5.685759317089721208e+02 2.627854600545255705e+28
5.734441734236440880e+02 2.625896620041681752e+28
5.783540978337497336e+02 2.623922167351297259e+28
5.833060618334620813e+02 2.621931106710268353e+28
5.883004253727382320e+02 2.619923301271882066e+28
5.933375514834943942e+02 2.617898613190194978e+28
5.984178063059791839e+02 2.615856903462545334e+28
6.035415591153969217e+02 2.613798032013335384e+28
6.087091823487482998e+02 2.611721857697472419e+28
6.139210516319011504e+02 2.610190408841727739e+28
6.191775458068944999e+02 2.608686923885949076e+28
6.244790469594736351e+02 2.607170720030941807e+28
6.298259404468727780e+02 2.605796509995054380e+28
6.352186149258117212e+02 2.604427477273030598e+28
6.406574623807561011e+02 2.603046808569531201e+28
6.461428781524076612e+02 2.601654405860230564e+28
6.516752609664408737e+02 2.600440215934518926e+28
6.572550129624863757e+02 2.599407587935171569e+28
6.628825397233578087e+02 2.598366111554454301e+28
6.685582503045447993e+02 2.597315710960920644e+28
6.742825572639301299e+02 2.596256309712754429e+28
6.800558766917881712e+02 2.595187830720807732e+28
6.858786282410277408e+02 2.594168350742540531e+28
6.917512351576925766e+02 2.593391470674637939e+28
6.976741243117411386e+02 2.592607890339270654e+28
7.036477262280432114e+02 2.591817551557411687e+28
7.096724751177143844e+02 2.591020395664442658e+28
7.157488089096465274e+02 2.590216363483308552e+28
7.218771692823542026e+02 2.589405395310918970e+28
7.280580016960773264e+02 2.588587430930997891e+28
7.342917554251570209e+02 2.587762409587223489e+28
7.405788835907085286e+02 2.587012793310799906e+28
7.469198431935237750e+02 2.586434597119808908e+28
7.533150951473334089e+02 2.585851381945180622e+28
7.597651043122752981e+02 2.585263103655959338e+28
7.662703395287006742e+02 2.584669717750127485e+28
7.728312736512494894e+02 2.584071179299273803e+28
7.794483835832189698e+02 2.583467443002744291e+28
7.861221503112409437e+02 2.582858463123164650e+28
7.928530589402251962e+02 2.582244193522312502e+28
7.996415987286341078e+02 2.581624587642236144e+28
8.064882631240419641e+02 2.580999598513748931e+28
8.133935497990033809e+02 2.580369178737519437e+28
8.203579606872282284e+02 2.581366030240971468e+28
8.273820020200629415e+02 2.591313324913061982e+28
8.344661843633009539e+02 2.601360685007181883e+28
8.416110226542749615e+02 2.611509217095625478e+28
8.488170362393001369e+02 2.621760041534060165e+28
8.560847489114212294e+02 2.632114292880555153e+28
8.634146889484859457e+02 2.642573119176675462e+28
8.708073891515450669e+02 2.653137683224855387e+28
8.782633868835770272e+02 2.663809161586300082e+28
8.857832241085619671e+02 2.674588746009095916e+28
8.933674474308553499e+02 2.685477642858659489e+28
9.010166081349333354e+02 2.696477073550864731e+28
9.087312622254618191e+02 2.707588274701570324e+28
9.165119704677108530e+02 2.718812498422649135e+28
9.243592984283162650e+02 2.730151012187618220e+28
9.322738165163852955e+02 2.741605099855285029e+28
9.402561000249747849e+02 2.753176060963156814e+28
9.483067291728847295e+02 2.750842560915863221e+28
9.564262891468488306e+02 2.748374547715609509e+28
9.646153701440669010e+02 2.745885736864673141e+28
9.728745674151016374e+02 2.743375956630463596e+28
9.812044813071656790e+02 2.740845033933033852e+28
9.896057173077166453e+02 2.738292794319039991e+28
9.980788860885245413e+02 2.735719061966063600e+28
1.006624603550016559e+03 2.733123659687104373e+28
1.015243490866065486e+03 2.730506408935138692e+28
1.023936174529138952e+03 2.727867129747021216e+28
1.032703286395832265e+03 2.725205640717889137e+28
1.041545463732819144e+03 2.722521759127460440e+28
1.050463349263127384e+03 2.719815300732499322e+28
1.059457591212915531e+03 2.717086079984311469e+28
1.068528843358545373e+03 2.714333909760813740e+28
1.077677765074125091e+03 2.711558601614553209e+28
1.086905021379433492e+03 2.708759965565724096e+28
1.096211282988255107e+03 2.705937810198672786e+28
1.105597226357155023e+03 2.703091942606866830e+28
1.115063533734600924e+03 2.700222168459280817e+28
1.124610893210616723e+03 2.698073807281348598e+28
1.134239998766749750e+03 2.697793589109571684e+28
1.143951550326537244e+03 2.697510851965430517e+28
1.153746253806377126e+03 2.697225572239874096e+28
1.163624821166838274e+03 2.696937726094426443e+28
1.173587970464426689e+03 2.696647289451382919e+28
1.183636425903754798e+03 2.696354237989775017e+28
1.193770917890199144e+03 2.696058547141324596e+28
1.203992183082989413e+03 2.695760192095102734e+28
1.214300964448753803e+03 2.695459147790568502e+28
1.224698011315523900e+03 2.695155388907595949e+28
1.235184079427198412e+03 2.694848889879869235e+28
1.245759930998495520e+03 2.694539624876132440e+28
1.256426334770328140e+03 2.694227567807702305e+28
1.267184066065700563e+03 2.693912692321362749e+28
1.278033906846062791e+03 2.693594971798051614e+28
1.288976645768148956e+03 2.693274379339873669e+28
1.300013078241302310e+03 2.692950887792151541e+28
1.311144006485288855e+03 2.692624469706952271e+28
1.322370239588628692e+03 2.692295097370996881e+28
1.333692593567377799e+03 2.691962742780807011e+28
1.345111891424461646e+03 2.691627377653020536e+28
1.356628963209493804e+03 2.691288973408252058e+28
1.368244646079110908e+03 2.690947501181381253e+28
1.379959784357823992e+03 2.690602931811238576e+28
1.391775229599385511e+03 2.690255235839081773e+28
1.403691840648709558e+03 2.690908898960029154e+28
1.415710483704266153e+03 2.691833860115381143e+28
1.427832032381066256e+03 2.692766940027706653e+28
1.440057367774159047e+03 2.693708211653654988e+28
1.452387378522668314e+03 2.694657748630819274e+28
1.464822960874419323e+03 2.695615625302748591e+28
1.477365018751017260e+03 2.696581916690117462e+28
1.490014463813637576e+03 2.697556698523506685e+28
1.502772215529225150e+03 2.698540047260857429e+28
1.515639201237360794e+03 2.699532040066411621e+28
1.528616356217660723e+03 2.700532754835934747e+28
1.541704623757754007e+03 2.701542270198838348e+28
1.554904955221881892e+03 2.702560665512663990e+28
1.568218310119978469e+03 2.703588020911531265e+28
1.581645656177507362e+03 2.704624417269878096e+28
1.595187969405732929e+03 2.705669936220109658e+28
1.608846234172695631e+03 2.706724660185845852e+28
1.622621443274760168e+03 2.707788672353401290e+28
1.636514598008771600e+03 2.708862056705067074e+28
1.650526708244865404e+03 2.709944898021576340e+28
1.664658792499832543e+03 2.711037281892335875e+28
1.678911878011181898e+03 2.712139294702493219e+28
1.693287000811799771e+03 2.713251023674159996e+28
1.707785205805258784e+03 2.714372556853598647e+28
1.722407546841769999e+03 2.715503983121607535e+28
1.737155086794777844e+03 2.716645392219472056e+28
1.752028897638247599e+03 2.717796874720774927e+28
1.767030060524542250e+03 2.718958522088358798e+28
1.782159665863038981e+03 2.720130426646290469e+28
1.797418813399380724e+03 2.721312681590450942e+28
1.812808612295415969e+03 2.722514059605117815e+28
1.828330181209821149e+03 2.723730750704926636e+28
1.843984648379407417e+03 2.724958200620704067e+28
1.859773151701158895e+03 2.726196507373930194e+28
1.875696838814901866e+03 2.727445769940436571e+28
1.891756867186751379e+03 2.728706088245903493e+28
1.907954404193241089e+03 2.729977563169207791e+28
1.924290627206177078e+03 2.731260296569434759e+28
1.940766723678217204e+03 2.732554391289320057e+28
1.957383891229180108e+03 2.733859951151010879e+28
1.974143337733127737e+03 2.735177080998920519e+28
1.991046281406116805e+03 2.736505886679850075e+28
2.008093950894780619e+03 2.737846475062436618e+28
2.025287585365629184e+03 2.739198954056721853e+28
2.042628434595122599e+03 2.740563432610117357e+28
2.060117759060514800e+03 2.741940020742862504e+28
2.077756830031467416e+03 2.743328829520525246e+28
2.095546929662488765e+03 2.744729971121092546e+28
2.113489351086083843e+03 2.746143558776120564e+28
2.131585398506780166e+03 2.747569706845835694e+28
2.149836387295921668e+03 2.749008530799831543e+28
2.168243644087272060e+03 2.750460147229302092e+28
2.186808506873489932e+03 2.751924673867297343e+28
2.205532325103286439e+03 2.753402229593226917e+28
2.224416459779639354e+03 2.754892934461161043e+28
2.243462283558625131e+03 2.756396909688730769e+28
2.262671180849240045e+03 2.757914277677702024e+28
2.282044547914018040e+03 2.759445162058327719e+28
2.301583792970517607e+03 2.760989687646881085e+28
2.321290336293727250e+03 2.762547980490216685e+28
2.341165610319200368e+03 2.764120167886690600e+28
2.361211059747307900e+03 2.765706378383468385e+28
2.381428141648147630e+03 2.767306741797673955e+28
2.401818325567503507e+03 2.768921389229657611e+28
2.422383093633654880e+03 2.770359504662897546e+28
2.443123940665101145e+03 2.771419844149792516e+28
2.464042374279254091e+03 2.772489468786578230e+28
2.485139915001968347e+03 2.773568461645896512e+28
2.506418096378104110e+03 2.774656906572533540e+28
2.527878465082986168e+03 2.775754888185393249e+28
2.549522581034832001e+03 2.776862491894876655e+28
2.571352017508137578e+03 2.777979803915169996e+28
2.593368361248027213e+03 2.779106911251019803e+28
2.615573212585632518e+03 2.780243901735675291e+28
2.637968185554353113e+03 2.781390864007479314e+28
2.660554908007224185e+03 2.782547887537666659e+28
2.683335021735227656e+03 2.783715062642872970e+28
2.706310182586633346e+03 2.784892480482311202e+28
2.729482060587359229e+03 2.786080233060069599e+28
2.752852340062352596e+03 2.787278413253152761e+28
2.776422719758064886e+03 2.788487114803605621e+28
2.800194912965861931e+03 2.789706432336358519e+28
2.824170647646608359e+03 2.790936461361728372e+28
2.848351666556255623e+03 2.792177298303622465e+28
2.872739727372523248e+03 2.793429040466174870e+28
2.897336602822658733e+03 2.794691786087724553e+28
2.922144080812282027e+03 2.795965634333212909e+28
2.947163964555397342e+03 2.797250685296904832e+28
2.972398072705389040e+03 2.798547040010321476e+28
2.997848239487266710e+03 2.799854800475816695e+28
3.023516314830979354e+03 2.801174069643841787e+28
3.049404164505884637e+03 2.802504951451759570e+28
3.075513670256367732e+03 2.803847550811444973e+28
3.101846729938609315e+03 2.805201973622560096e+28
3.128405257658588198e+03 2.806568326811645369e+28
3.155191183911140342e+03 2.807946718288934254e+28
3.182206455720329814e+03 2.809749091876058754e+28
3.209453036780967068e+03 2.812402736486093401e+28
3.236932907601329589e+03 2.815080664053759520e+28
3.264648065647190379e+03 2.817783109746085553e+28
3.292600525486862352e+03 2.820510311231724631e+28
3.320792318937820710e+03 2.823262508667207599e+28
3.349225495214247985e+03 2.826039944800563192e+28
3.377902121076051571e+03 2.828842864938680131e+28
3.406824280979081777e+03 2.831671517002692162e+28
3.435994077226631362e+03 2.834526151564255344e+28
3.465413630122321138e+03 2.837407021882107690e+28
3.495085078124065149e+03 2.840314383909548482e+28
3.525010577999708858e+03 2.843248496351216619e+28
3.555192304983645954e+03 2.846209620680979661e+28
3.585632452935003130e+03 2.849198021179799698e+28
3.616333234497094054e+03 2.852213964993519721e+28
3.647296881258237136e+03 2.855257722122327659e+28
3.678525643914027114e+03 2.858329565479224013e+28
3.710021792430842652e+03 2.861429770948949079e+28
3.741787616210907800e+03 2.864558617388259149e+28
3.773825424258689509e+03 2.867716386675689523e+28
3.806137545348734420e+03 2.870903363732187948e+28
3.838726328194945381e+03 2.874119836621007008e+28
3.871594141621286781e+03 2.877366096490197905e+28
3.904743374734037388e+03 2.880642437693028094e+28
3.938176437095352867e+03 2.883492675908806957e+28
3.971895758898475833e+03 2.876875876295429013e+28
4.005903791144369734e+03 2.870203232316083690e+28
4.040203005819874761e+03 2.863474294414194129e+28
4.074795896077393536e+03 2.856688610110819663e+28
4.109684976416098834e+03 2.849845723982670864e+28
4.144872782864771580e+03 2.842945177602046736e+28
4.180361873166044461e+03 2.835986509654398464e+28
4.216154826962386323e+03 2.828969255841341046e+28
4.252254245983589499e+03 2.821892948941739525e+28
4.288662754235894681e+03 2.814757118795586188e+28
4.325382998192716514e+03 2.807561292289216534e+28
4.362417646986999898e+03 2.800304993439761004e+28
4.399769392605302528e+03 2.792987743324204486e+28
4.437440950083365351e+03 2.785609060107837723e+28
4.475435057703534767e+03 2.778168459093676400e+28
4.513754477193787352e+03 2.770665452675485609e+28
4.552401993928454431e+03 2.763099550409768834e+28
4.591380417130780188e+03 2.762441376061757016e+28
4.630692580076914055e+03 2.767569150060065774e+28
4.670341340302119534e+03 2.772746444743995464e+28
4.710329579808277231e+03 2.777973783147707662e+28
4.750660205273467000e+03 2.783251694539542097e+28
4.791336148263226278e+03 2.788580714505968762e+28
4.832360365443630144e+03 2.793961385049714929e+28
4.873735838796294956e+03 2.799394254715344770e+28
4.915465575834922674e+03 2.804879878584705617e+28
4.957552609824187130e+03 2.810418818470376481e+28
4.999999999999999091e+03 2.816011642939665553e+28
