# Age[Myr]   Lxuv[erg.s-1]
1.000000000000000000e+00 5.929068174001058753e+29
1.008562166358395462e+00 5.900148743595505685e+29
1.017197643409537555e+00 5.871799225074738563e+29
1.025907058851777798e+00 5.843219568555218174e+29
1.034691045757918815e+00 5.814409131099422245e+29
1.043550242621240409e+00 5.785595377567408212e+29
1.052485293401905109e+00 5.757884942675789353e+29
1.061496847573776714e+00 5.729950569140175654e+29
1.070585560171615880e+00 5.701789805520107822e+29
1.079752091838698913e+00 5.673401756569215039e+29
1.088997108874847131e+00 5.645800623526372269e+29
1.098321283284845240e+00 5.618458251190765942e+29
1.107725292827294261e+00 5.590894876696974131e+29
1.117209821063883890e+00 5.563108786732534782e+29
1.126775557409066097e+00 5.535421419724644922e+29
1.136423197180176148e+00 5.508666027978175624e+29
1.146153441647970173e+00 5.481694323479982701e+29
1.155966998087607278e+00 5.454504421248129679e+29
1.165864579830048431e+00 5.427094997078548110e+29
1.175846906313911866e+00 5.400594566364650912e+29
1.185914703137776138e+00 5.374204909143036766e+29
1.196068702112908611e+00 5.347602041403024400e+29
1.206309641316467118e+00 5.320784460985947231e+29
1.216638265145154829e+00 5.294252513425568528e+29
1.227055324369317413e+00 5.268438077807948086e+29
1.237561576187522494e+00 5.242414843275755262e+29
1.248157784281595406e+00 5.216181649658250828e+29
1.258844718872140556e+00 5.189736847653947313e+29
1.269623156774511319e+00 5.164489492950746413e+29
1.280493881455283312e+00 5.139129161286550864e+29
1.291457683089210828e+00 5.113564192111733304e+29
1.302515358616648466e+00 5.087793047551358834e+29
1.313667711801486782e+00 5.062553540893603131e+29
1.324915553289583547e+00 5.037741373981563326e+29
1.336259700667674633e+00 5.012729129703678072e+29
1.347700978522810900e+00 4.987514920275713581e+29
1.359240218502292707e+00 4.962296391289945552e+29
1.370878259374130881e+00 4.938011016555645184e+29
1.382615947087999952e+00 4.913530003723312900e+29
1.394454134836734971e+00 4.888851372000451406e+29
1.406393683118359439e+00 4.863973772782226295e+29
1.418435459798615295e+00 4.839928229549477630e+29
1.430580340174055110e+00 4.815970909124502718e+29
1.442829207035675187e+00 4.791820236693416544e+29
1.455182950733066471e+00 4.767474948967137642e+29
1.467642469239143654e+00 4.743505502805872170e+29
1.480208668215412304e+00 4.720062268980600853e+29
1.492882461077811751e+00 4.696430084263737662e+29
1.505664769063090658e+00 4.672607578914552002e+29
1.518556521295780781e+00 4.648720617023977587e+29
1.531558654855741386e+00 4.625575214155218152e+29
1.544672114846256550e+00 4.602243426752282417e+29
1.557897854462741538e+00 4.578723421154355306e+29
1.571236835062038928e+00 4.555014259023814824e+29
1.584690026232278726e+00 4.531857324558011145e+29
1.598258405863369536e+00 4.508683762250519857e+29
1.611942960218072152e+00 4.485322959347634713e+29
1.625744684003703755e+00 4.461773670482948508e+29
1.639664580444420539e+00 4.438653880377868279e+29
1.653703661354150922e+00 4.415936380436390552e+29
1.667862947210152713e+00 4.393035598764554710e+29
1.682143467227169564e+00 4.369949720006581174e+29
1.696546259432256676e+00 4.347066052376667795e+29
1.711072370740225557e+00 4.324852062316660860e+29
1.725722857029757362e+00 4.302458725085200292e+29
1.740498783220131740e+00 4.279884795152696582e+29
1.755401223348643569e+00 4.257280875039271938e+29
1.770431260648685612e+00 4.235630750160608256e+29
1.785589987628463104e+00 4.213806166164201439e+29
1.800878506150419556e+00 4.191805675543941389e+29
1.816297927511338228e+00 4.169627980340350672e+29
1.831849372523099095e+00 4.148340154479338780e+29
1.847533971594160329e+00 4.126968429895760639e+29
1.863352864811736564e+00 4.105424303072683199e+29
1.879307202024647294e+00 4.083706551558077490e+29
1.895398142926912888e+00 4.062613279552267734e+29
1.911626857142043168e+00 4.041681620675840207e+29
1.927994524308069613e+00 4.020581405073399740e+29
1.944502334163270785e+00 3.999311100239464681e+29
1.961151486632660923e+00 3.978461271146220147e+29
1.977943191915224386e+00 3.957996445766476897e+29
1.994878670571857970e+00 3.937366661489543439e+29
2.011959153614109042e+00 3.916570724824656555e+29
2.029185882593645296e+00 3.896022444467715395e+29
2.046560109692519447e+00 3.876173882432775154e+29
2.064083097814162659e+00 3.856165545933479077e+29
2.081756120675195554e+00 3.835996331585383778e+29
2.099580462898024358e+00 3.815841206669968823e+29
2.117557420104193788e+00 3.796655371456140561e+29
2.135688299008576596e+00 3.777315145352735266e+29
2.153974417514366468e+00 3.757819510429683292e+29
2.172417104808852084e+00 3.738167240704989244e+29
2.191017701460049594e+00 3.719327160485121608e+29
2.209777559514134904e+00 3.700402666304021454e+29
2.228698042593744155e+00 3.681326314152277814e+29
2.247780525997061574e+00 3.662096754962668890e+29
2.267026396797805710e+00 3.643469018247640688e+29
2.286437053946062115e+00 3.624936566205095380e+29
2.306013908369947796e+00 3.606255417431321125e+29
2.325758383078180280e+00 3.587424305165599391e+29
2.345671913263528197e+00 3.569042583646952732e+29
2.365755946407106070e+00 3.550929394323429973e+29
2.386011942383607032e+00 3.532670857386239020e+29
2.406441373567409059e+00 3.514265877836833914e+29
2.427045724939618232e+00 3.496130477340429882e+29
2.447826494195983749e+00 3.478380305852303849e+29
2.468785191855773054e+00 3.460487635376889337e+29
2.489923341371585330e+00 3.442451434406004482e+29
2.511242479240060277e+00 3.424542795255665213e+29
2.532744155113582973e+00 3.407150597662669364e+29
2.554429931912913787e+00 3.389618954851469282e+29
2.576301385940816591e+00 3.371946658680541879e+29
2.598360106996607133e+00 3.354226741929912393e+29
2.620607698491724591e+00 3.336842061151097026e+29
2.643045777566302768e+00 3.319317541728864654e+29
2.665675975206679649e+00 3.301652170108928173e+29
2.688499936363971887e+00 3.283882138825217284e+29
2.711519320073655148e+00 3.266832992279898035e+29
2.734735799576129445e+00 3.249646735465165107e+29
2.758151062438353840e+00 3.232322342245661251e+29
2.781766810676535862e+00 3.214858865043699559e+29
2.805584760879811679e+00 3.198112284054169182e+29
2.829606644335043608e+00 3.181291065332736911e+29
2.853834207152655456e+00 3.164334629412725837e+29
2.878269210393575861e+00 3.147242089347844367e+29
2.902913430197213263e+00 3.130771561167828216e+29
2.927768657910576167e+00 3.114313893316807230e+29
2.952836700218502308e+00 3.097724127016024680e+29
2.978119379274948297e+00 3.081001167525066511e+29
3.003618532835462318e+00 3.064803198961528006e+29
3.029336014390752840e+00 3.048690416441820840e+29
3.055273693301444826e+00 3.032448249075108089e+29
3.081433454933920846e+00 3.016075731802681123e+29
3.107817200797383883e+00 3.000159244778771329e+29
3.134426848682093869e+00 2.984395732449144666e+29
3.161264332798730869e+00 2.968505628837031976e+29
3.188331603919009272e+00 2.952488029678245602e+29
3.215630629517493233e+00 2.936874258634263328e+29
3.243163393914573867e+00 2.921478356966705539e+29
3.270931898420722295e+00 2.905958974237816313e+29
3.298938161481982601e+00 2.890315154804379097e+29
3.327184218826650053e+00 2.874991430008501853e+29
3.355672123613271829e+00 2.859912658343746005e+29
3.384403946579871647e+00 2.844712819878927841e+29
3.413381776194498229e+00 2.829390961686160445e+29
3.442607718806991457e+00 2.814327192235933744e+29
3.472083898802105661e+00 2.799545679877836705e+29
3.501812458753955415e+00 2.784645525973151943e+29
3.531795559581708766e+00 2.769625886225070754e+29
3.562035380706689125e+00 2.754827375341443678e+29
3.592534120210783222e+00 2.740344882348511164e+29
3.623293994996239498e+00 2.725746160872327175e+29
3.654317240946772127e+00 2.711030419196658558e+29
3.685606113090103442e+00 2.696504407491001929e+29
3.717162885761899904e+00 2.682316801420183405e+29
3.748989852771046571e+00 2.668015380552234502e+29
3.781089327566408365e+00 2.653599357631200585e+29
3.813463643404977788e+00 2.639349563472894992e+29
3.846115153521503682e+00 2.625453760673683629e+29
3.879046231299500658e+00 2.611446572573897297e+29
3.912259270443785297e+00 2.597327048372413135e+29
3.945756685154500065e+00 2.583355279465043256e+29
3.979540910302543644e+00 2.569744656834551420e+29
4.013614401606586668e+00 2.556024867996026337e+29
4.047979635811593369e+00 2.542195140698120010e+29
4.082639110868809595e+00 2.528493079846048866e+29
4.117595346117351340e+00 2.515139339015534894e+29
4.152850882467362226e+00 2.501678507938581556e+29
4.188408282584657805e+00 2.488109861435732971e+29
4.224270131077028090e+00 2.474612364288269983e+29
4.260439034682101500e+00 2.461361121712523672e+29
4.296917622456851049e+00 2.448003402784921034e+29
4.333708545968647741e+00 2.434538438073954314e+29
4.370814479488022819e+00 2.421198039247410531e+29
4.408238120183082032e+00 2.408229712121262697e+29
4.445982188315509731e+00 2.395157134689537874e+29
4.484049427438330682e+00 2.381979584776642428e+29
4.522442604595315885e+00 2.368955849820817911e+29
4.561164510522155879e+00 2.356373558727788583e+29
4.600217959849255855e+00 2.343690335485638370e+29
4.639605791306354199e+00 2.330905482022992340e+29
4.679330867928894300e+00 2.318266735886417899e+29
4.719396077266075906e+00 2.306029027696191148e+29
4.759804331590776982e+00 2.293693193670631052e+29
4.800558568111268798e+00 2.281258462438289892e+29
4.841661749184657637e+00 2.268942190537258634e+29
4.883116862532245861e+00 2.256954936838672178e+29
4.924926921456733275e+00 2.244871656792344287e+29
4.967094965061185974e+00 2.232691569682644033e+29
5.009624058469988483e+00 2.220636839390442892e+29
5.052517293051618452e+00 2.208886044289384730e+29
5.095777786643394869e+00 2.197041091308698214e+29
5.139408683778052378e+00 2.185101302004998467e+29
5.183413155912330872e+00 2.173299661613540772e+29
5.227794401657547496e+00 2.161775539581846559e+29
5.272555647012027613e+00 2.150159096064233450e+29
5.317700145595641636e+00 2.138449641961739331e+29
5.363231178886285200e+00 2.126900627097505878e+29
5.409152056458442104e+00 2.115608919040281254e+29
5.455466116223695927e+00 2.104226783161365841e+29
5.502176724673381258e+00 2.092753523575484742e+29
5.549287277123326589e+00 2.081457729089477065e+29
5.596801197960582286e+00 2.070384617641878032e+29
5.644721940892376999e+00 2.059222823310804239e+29
5.693052989197181724e+00 2.047971668935776050e+29
5.741797855977847753e+00 2.036934927783401561e+29
5.790960084416997056e+00 2.026102621819383630e+29
5.840543248034602897e+00 2.015183635867086578e+29
5.890550950947678999e+00 2.004177292735470678e+29
5.940986828132296615e+00 1.993402261035568214e+29
5.991854545687789191e+00 1.982788516758457997e+29
6.043157801103275162e+00 1.972089729507776869e+29
6.094900323526356800e+00 1.961305302845720426e+29
6.147085874034214470e+00 1.950762942849951488e+29
6.199718245907038572e+00 1.940343903871308653e+29
6.252801264903673939e+00 1.929841400081810974e+29
6.306338789539764456e+00 1.919254871566019200e+29
6.360334711368192728e+00 1.908946778441693868e+29
6.414792955262003993e+00 1.898730810582691213e+29
6.469717479699619744e+00 1.888433080956027457e+29
6.525112277052613763e+00 1.878052971052801754e+29
6.580981373875946616e+00 1.867948876174280653e+29
6.637328831200573376e+00 1.857886516280069859e+29
6.694158744828687446e+00 1.847743606574485968e+29
6.751475245631404221e+00 1.837519562895252935e+29
6.809282499849088843e+00 1.827594222603186270e+29
6.867584709394107811e+00 1.817671995904149492e+29
6.926386112156298402e+00 1.807670192705160163e+29
6.985690982311060004e+00 1.797588223018103700e+29
7.045503630629950109e+00 1.787869417226823273e+29
7.105828404794068298e+00 1.778126353850050030e+29
7.166669689710126079e+00 1.768305178518816894e+29
7.228031907829095104e+00 1.758405320419468562e+29
7.289919519467702003e+00 1.748929219350203581e+29
7.352337023132698768e+00 1.739390744964977049e+29
7.415288955847750607e+00 1.729775818407177267e+29
7.478779893483291197e+00 1.720113506223024579e+29
7.542814451089102867e+00 1.710836118990027247e+29
7.607397283229836660e+00 1.701484353283651091e+29
7.672533084323255537e+00 1.692057646685019471e+29
7.738226588981508058e+00 1.682632943562409567e+29
7.804482572355325942e+00 1.673569088134031903e+29
7.871305850481030930e+00 1.664432618548304779e+29
7.938701280630660051e+00 1.655223009702574656e+29
8.006673761665009437e+00 1.646053413866395375e+29
8.075228234389784987e+00 1.637160543678814711e+29
8.144369681914643166e+00 1.628196318481997322e+29
8.214103130015450560e+00 1.619160242375807978e+29
8.284433647499659159e+00 1.610205668245007631e+29
8.355366346574639280e+00 1.601486684046749382e+29
8.426906383219332497e+00 1.592697781314449891e+29
8.499058957559080696e+00 1.583838458303577044e+29
8.571829314243512243e+00 1.575102243757244055e+29
8.645222742827819218e+00 1.566549774225749737e+29
8.719244578157294256e+00 1.557928738788885374e+29
8.793900200755013330e+00 1.549238654737383826e+29
8.869195037213005506e+00 1.540721146108344307e+29
8.945134560586659234e+00 1.532343044235761931e+29
9.021724290792635159e+00 1.523897805046601976e+29
9.098969795009978156e+00 1.515384920671213062e+29
9.176876688084849576e+00 1.507084886647365056e+29
9.255450632938712729e+00 1.498871507986449243e+29
9.334697340979849045e+00 1.490592297998224930e+29
9.414622572518590360e+00 1.482246769067974082e+29
9.495232137185981358e+00 1.474162654898701050e+29
9.576531894356151042e+00 1.466117732770755884e+29
9.658527753572107244e+00 1.458008337962684386e+29
9.741225674975350302e+00 1.449834003016588305e+29
9.824631669739160245e+00 1.441951188985054690e+29
9.908751800505427809e+00 1.434056298500733444e+29
9.993592181825405873e+00 1.426098132224847876e+29
1.007915898060413440e+01 1.418076231808830249e+29
1.016545841654878046e+01 1.410462621988758141e+29
1.025249676262060206e+01 1.402791034668936589e+29
1.034028034549107034e+01 1.395058061463937821e+29
1.042881554600161209e+01 1.387305266893195395e+29
1.051810879962749823e+01 1.379818925414328884e+29
1.060816659694558872e+01 1.372272550984337527e+29
1.069899548410621115e+01 1.364665697525410593e+29
1.079060206330884775e+01 1.357081063686179877e+29
1.088299299328212300e+01 1.349719173303284433e+29
1.097617498976785555e+01 1.342298187220338546e+29
1.107015482600910516e+01 1.334817675648325483e+29
1.116493933324258947e+01 1.327403843958022055e+29
1.126053540119518281e+01 1.320173671316455367e+29
1.135694997858481692e+01 1.312885491839818570e+29
1.145419007362543340e+01 1.305538878984075329e+29
1.155226275453647489e+01 1.298312901920465413e+29
1.165117515005671045e+01 1.291233325933645721e+29
1.175093444996229941e+01 1.284096976058380077e+29
1.185154790558947546e+01 1.276903416752086489e+29
1.195302283036160063e+01 1.269867259166016116e+29
1.205536660032085550e+01 1.262919558149520534e+29
1.215858665466422117e+01 1.255916129442561490e+29
1.226269049628442254e+01 1.248856569919721843e+29
1.236768569231512416e+01 1.242007799068195935e+29
1.247357987468107154e+01 1.235202631331716628e+29
1.258038074065282608e+01 1.228342888081969260e+29
1.268809605340622149e+01 1.221428152526959176e+29
1.279673364258678703e+01 1.214762660546456683e+29
1.290630140487866306e+01 1.208090623623939512e+29
1.301680730457882795e+01 1.201365076463338876e+29
1.312825937417580668e+01 1.194587368049272461e+29
1.324066571493366595e+01 1.188104455314314005e+29
1.335403449748080185e+01 1.181569512214150348e+29
1.346837396240398554e+01 1.174982157803007047e+29
1.358369242084716788e+01 1.168391369395080090e+29
1.369999825511570890e+01 1.162039718405315402e+29
1.381729991928573753e+01 1.155637137594730663e+29
1.393560593981850282e+01 1.149183242774628613e+29
1.405492491618027273e+01 1.142768146811280069e+29
1.417526552146733820e+01 1.136526570301289398e+29
1.429663650303656652e+01 1.130234850414532287e+29
1.441904668314104576e+01 1.123892617900732617e+29
1.454250495957156808e+01 1.117631231524828050e+29
1.466702030630321119e+01 1.111500249693535257e+29
1.479260177414774091e+01 1.105320021338496159e+29
1.491925849141149030e+01 1.099090189151953109e+29
1.504699966455882709e+01 1.092995660057214638e+29
1.517583457888150100e+01 1.086993632927916099e+29
1.530577259917334310e+01 1.080943417675505587e+29
1.543682317041123397e+01 1.074844656282013427e+29
1.556899581844142766e+01 1.068915183824655346e+29
1.570230015067208562e+01 1.063024827410017613e+29
1.583674585677156621e+01 1.057087179426899233e+29
1.597234270937287270e+01 1.051101889703786442e+29
1.610910056478382657e+01 1.045332832856242024e+29
1.624702936370359652e+01 1.039557963027365869e+29
1.638613913194535954e+01 1.033736726075806014e+29
1.652643998116488788e+01 1.027874847194446563e+29
1.666794210959566058e+01 1.022252106356023553e+29
1.681065580279008742e+01 1.016584195675583523e+29
1.695459143436730187e+01 1.010870784186280054e+29
1.709975946676697944e+01 1.005159819640346769e+29
1.724617045200994880e+01 9.996318860170762532e+28
1.739383503246530438e+01 9.940594640587775014e+28
1.754276394162375752e+01 9.884422171032712579e+28
1.769296800487800070e+01 9.828726087774882005e+28
1.784445814030949862e+01 9.774563989675740045e+28
1.799724535948224968e+01 9.719966052227763960e+28
1.815134076824296017e+01 9.664929115267494197e+28
1.830675556752857958e+01 9.610764084873118410e+28
1.846350105418024157e+01 9.557638238984216267e+28
1.862158862176454122e+01 9.504085355165696621e+28
1.878102976140165481e+01 9.450102199218232893e+28
1.894183606260074981e+01 9.397351804079776633e+28
1.910401921410219472e+01 9.345167856525468064e+28
1.926759100472727937e+01 9.292563585429672561e+28
1.943256332423527510e+01 9.239535892237804037e+28
1.959894816418742991e+01 9.188164244357506379e+28
1.976675761881877591e+01 9.136984286794437558e+28
1.993600388591713823e+01 9.085392175139557889e+28
2.010669926770997762e+01 9.033384875294912736e+28
2.027885617175833843e+01 8.983466774817334153e+28
2.045248711185886847e+01 8.933332679899865093e+28
2.062760470895354104e+01 8.882794982975754277e+28
2.080422169204681992e+01 8.832097008218937630e+28
2.098235089913106322e+01 8.783515171097289434e+28
2.116200527811960796e+01 8.734542374293738248e+28
2.134319788778810789e+01 8.685175730606870272e+28
2.152594189872345964e+01 8.636092807165325534e+28
2.171025059428148296e+01 8.588681800766318604e+28
2.189613737155217521e+01 8.540888689261369930e+28
2.208361574233368430e+01 8.492710655635122076e+28
2.227269933411442437e+01 8.445119475370864734e+28
2.246340189106359020e+01 8.398626690862335734e+28
2.265573727503037205e+01 8.351759351567402437e+28
2.284971946655123176e+01 8.304514665167339456e+28
2.304536256586651177e+01 8.258243633540727468e+28
2.324268079394499864e+01 8.212694836473935489e+28
2.344168849351783734e+01 8.166779177326823107e+28
2.364240013012097563e+01 8.120493942961092333e+28
2.384483029314682057e+01 8.075548151298879087e+28
2.404899369690444644e+01 8.030935300613885082e+28
2.425490518168929555e+01 7.985963383518382252e+28
2.446257971486202720e+01 7.940629748012552127e+28
2.467203239193618458e+01 7.896410589971076782e+28
2.488327843767566350e+01 7.852053167477488779e+28
2.509633320720126548e+01 7.807337402098701902e+28
2.531121218710704568e+01 7.762309799448071732e+28
2.552793099658570242e+01 7.719129948238230022e+28
2.574650538856405291e+01 7.675601024514981122e+28
2.596695125084826472e+01 7.631720402802104723e+28
2.618928460727837049e+01 7.587892918246189207e+28
2.641352161889325245e+01 7.545573719431718823e+28
2.663967858510523357e+01 7.502912748496448106e+28
2.686777194488508513e+01 7.459907467810518740e+28
2.709781827795656639e+01 7.417275131761174497e+28
2.732983430600199881e+01 7.375704254961994228e+28
2.756383689387737235e+01 7.333796784611783872e+28
2.779984305083842600e+01 7.291550181870209012e+28
2.803786993177692821e+01 7.250011062978140567e+28
2.827793483846785350e+01 7.209245302511211807e+28
2.852005522082668421e+01 7.168149492982801714e+28
2.876424867817796738e+01 7.126721143134487800e+28
2.901053296053478192e+01 7.086379100671021819e+28
2.925892596988859395e+01 7.046473305140740347e+28
2.950944576151075438e+01 7.006244524808831146e+28
2.976211054526479671e+01 6.965690341246033536e+28
3.001693868693030609e+01 6.926523221591834884e+28
3.027394870953756367e+01 6.887456777365031145e+28
3.053315929471408907e+01 6.848074084076021643e+28
3.079458928404281792e+01 6.808372761717892448e+28
3.105825768043125379e+01 6.770321492515346209e+28
3.132418364949301548e+01 6.732051877992148307e+28
3.159238652094084188e+01 6.693472370653750730e+28
3.186288578999186782e+01 6.654799257805448320e+28
3.213570111878426161e+01 6.617656937701577311e+28
3.241085233780696484e+01 6.580213969111965185e+28
3.268835944734065890e+01 6.542468082992279548e+28
3.296824261891181607e+01 6.504899061226283968e+28
3.325052219675887955e+01 6.468443760101260406e+28
3.353521869931098109e+01 6.431692628244538117e+28
3.382235282067965443e+01 6.394643419514173871e+28
3.411194543216259234e+01 6.358061529846016228e+28
3.440401758376127361e+01 6.322364069680043447e+28
3.469859050571059100e+01 6.286377012633056004e+28
3.499568561002232769e+01 6.250098151013164231e+28
3.529532449204137379e+01 6.214565632343873036e+28
3.559752893201577706e+01 6.179585753986401810e+28
3.590232089667949111e+01 6.144322184605509077e+28
3.620972254084928466e+01 6.108772791542963163e+28
3.651975620903537134e+01 6.074290687752655749e+28
3.683244443706518467e+01 6.040084163520429781e+28
3.714780995372169059e+01 6.005600205372250119e+28
3.746587568239543486e+01 5.970836734506583215e+28
3.778666474275106424e+01 5.937346767390493928e+28
3.811020045240734078e+01 5.903831195669408696e+28
3.843650632863264605e+01 5.870043784788740403e+28
3.876560609005391456e+01 5.836012190980476950e+28
3.909752365838098598e+01 5.803570878919454185e+28
3.943228316014534585e+01 5.770866650044691804e+28
3.976990892845378056e+01 5.737897517141915687e+28
4.011042550475743695e+01 5.704967764895928204e+28
4.045385764063510692e+01 5.673329270441369184e+28
4.080023029959307479e+01 5.641433823575753297e+28
4.114956865887903348e+01 5.609279478133916359e+28
4.150189811131257045e+01 5.577394054098395282e+28
4.185724426713071722e+01 5.546508403348866387e+28
4.221563295584988396e+01 5.515372440600242374e+28
4.257709022814283628e+01 5.483984275764977433e+28
4.294164235773251193e+01 5.452986586471010441e+28
4.330931584330213724e+01 5.422635663730792173e+28
4.368013741042078379e+01 5.392038265927000452e+28
4.405413401348637592e+01 5.361192532057261214e+28
4.443133283768480624e+01 5.331016205498758412e+28
4.481176130096629606e+01 5.301417356670539221e+28
4.519544705603787094e+01 5.271578627622764809e+28
4.558241799237362812e+01 5.241498209415606947e+28
4.597270223824224900e+01 5.212168893849158425e+28
4.636632816275105284e+01 5.183140219217200435e+28
4.676332437790848218e+01 5.153875886315425814e+28
4.716371974070364814e+01 5.124374101068602219e+28
4.756754335520429322e+01 5.095806768738938979e+28
4.797482457467164352e+01 5.067392944395306049e+28
4.838559300369480809e+01 5.038748645275596925e+28
4.879987850034206076e+01 5.009872120159125996e+28
4.921771117833147002e+01 4.982083000644891240e+28
4.963912140921970462e+01 4.954273191989594617e+28
5.006413982461003087e+01 4.926238016951810179e+28
5.049279731837830809e+01 4.897975768936875884e+28
5.092512504891890046e+01 4.870975257956164032e+28
5.136115444140983044e+01 4.843794115706992722e+28
5.180091719009642048e+01 4.816392839496174227e+28
5.224444526059549077e+01 4.788885319721585611e+28
5.269177089221868471e+01 4.762508958590110953e+28
5.314292660031632209e+01 4.735919016203058955e+28
5.359794517864023078e+01 4.709113878132242695e+28
5.405685970172779520e+01 4.682346520554497386e+28
5.451970352730643299e+01 4.656546824806408925e+28
5.498651029871762574e+01 4.630538390843568555e+28
5.545731394736286290e+01 4.604319651349571222e+28
5.593214869516983612e+01 4.578281147213972850e+28
5.641104905708039041e+01 4.553095238540272617e+28
5.689404984355859796e+01 4.527706107698515658e+28
5.738118616312198128e+01 4.502112215294743030e+28
5.787249342489269566e+01 4.476789926569101638e+28
5.836800734117176859e+01 4.452130254572603175e+28
5.886776393003492558e+01 4.427271259027589021e+28
5.937179951795051380e+01 4.402211440590208857e+28
5.988015074242051128e+01 4.377511974243066407e+28
6.039285455464278130e+01 4.353380750302734406e+28
6.090994822219801108e+01 4.329054862002777137e+28
6.143146933175772517e+01 4.304532839947697746e+28
6.195745579181689777e+01 4.280485228741127206e+28
6.248794583544923142e+01 4.256924323832480013e+28
6.302297802308675045e+01 4.233173778500403215e+28
6.356259124532191862e+01 4.209232182835152534e+28
6.410682472573492419e+01 4.185814372398553505e+28
6.465571802374516608e+01 4.162767557921424994e+28
6.520931103748597479e+01 4.139535575856158904e+28
6.576764400670528232e+01 4.116117048723005262e+28
6.633075751569028000e+01 4.093317578778766801e+28
6.689869249621800407e+01 4.070840217068922806e+28
6.747149023052962491e+01 4.048182625267408278e+28
6.804919235433226277e+01 4.025343465173809263e+28
6.863184085982450711e+01 4.003128168930131676e+28
6.921947809874924928e+01 3.981157618584122852e+28
6.981214678547205210e+01 3.959011261498660674e+28
7.040989000008582366e+01 3.936687808093584516e+28
7.101275119154288973e+01 3.915096519354720843e+28
7.162077418081207725e+01 3.893755567472392311e+28
7.223400316406525690e+01 3.872244569376491209e+28
7.285248271588883995e+01 3.850562291222188521e+28
7.347625779252440736e+01 3.829674913798468978e+28
7.410537373513621162e+01 3.809048548974524720e+28
7.473987627310751236e+01 3.788258040256864331e+28
7.537981152736374213e+01 3.767302206253116965e+28
7.602522601372537281e+01 3.746979646132179086e+28
7.667616664628950218e+01 3.726903103512161036e+28
7.733268074083908061e+01 3.706667032928139712e+28
7.799481601828281896e+01 3.686270284771041018e+28
7.866262060812364609e+01 3.666391285144592662e+28
7.933614305195774818e+01 3.646832022538501575e+28
8.001543230700205811e+01 3.627117895033766620e+28
8.070053774965336402e+01 3.607247793269780820e+28
8.139150917907787175e+01 3.587789677048111627e+28
8.208839682082999900e+01 3.568753840182840365e+28
8.279125133050392549e+01 3.549567717220955286e+28
8.350012379741525592e+01 3.530230243859511786e+28
8.421506574831533953e+01 3.511175747724902815e+28
8.493612915113544659e+01 3.492681022344163621e+28
8.566336641876561941e+01 3.474040641717587191e+28
8.639683041286328091e+01 3.455253576030253465e+28
8.713657444769630445e+01 3.436578989786008942e+28
8.788265229401800127e+01 3.418621032977124370e+28
8.863511818297639877e+01 3.400521946022323185e+28
8.939402681005508100e+01 3.382280743514175686e+28
9.015943333904944268e+01 3.363949365475114895e+28
9.093139340607704924e+01 3.346567105514110944e+28
9.170996312362058234e+01 3.329048510396089928e+28
9.249519908460733575e+01 3.311392632160359918e+28
9.328715836652244775e+01 3.293598522728270296e+28
9.408589853555859861e+01 3.276596998035931664e+28
9.489147765079916041e+01 3.259670444513661292e+28
9.570395426843906250e+01 3.242611469295186175e+28
9.652338744604170984e+01 3.225419160620908831e+28
9.734983674683056165e+01 3.208719667772715876e+28
9.818336224401956258e+01 3.192424219010084781e+28
9.902402452517925724e+01 3.176001566775573666e+28
9.987188469664167201e+01 3.159450843355732786e+28
1.007270043879405961e+02 3.142979828508139202e+28
1.015894457562929745e+02 3.127180434148466729e+28
1.024592714911155440e+02 3.111257591343128839e+28
1.033365448185824533e+02 3.095210454071132447e+28
1.042213295062209539e+02 3.079189469819997455e+28
1.051136898675459292e+02 3.063845891845366336e+28
1.060136907667370707e+02 3.048382601917093970e+28
1.069213976233489234e+02 3.032798785754992737e+28
1.078368764170721903e+02 3.017445352945844244e+28
1.087601936925248793e+02 3.002529868376305669e+28
1.096914165640915968e+02 2.987498156976378374e+28
1.106306127208013947e+02 2.969642491771991821e+28
1.115778504312476542e+02 2.946189374042922146e+28
1.125331985485521500e+02 2.922717728960854865e+28
1.134967265153672002e+02 2.899156095768892652e+28
1.144685043689250818e+02 2.876023312638809502e+28
1.154486027461285289e+02 2.853094664332836139e+28
1.164370928886851999e+02 2.830079294240680791e+28
1.174340466482860421e+02 2.807413270096022481e+28
1.184395364918277522e+02 2.785068208200406587e+28
1.194536355066820335e+02 2.762639456169987683e+28
1.204764174060053676e+02 2.739769002321002828e+28
1.215079565340990655e+02 2.717194820443646978e+28
1.225483278718127167e+02 2.695380628121599799e+28
1.235976070419943653e+02 2.673765461525048702e+28
1.246558703149874958e+02 2.652524761229207327e+28
1.257231946141744743e+02 2.631461329180903531e+28
1.267996575215699551e+02 2.610864407337835797e+28
1.278853372834572042e+02 2.590190276228806301e+28
1.289803128160776566e+02 2.570015080978996020e+28
1.300846637113668010e+02 2.549942837865903273e+28
1.311984702427394609e+02 2.529798134688744256e+28
1.323218133709247581e+02 2.510387278818325280e+28
1.334547747498506283e+02 2.490902797801896913e+28
1.345974367325810590e+02 2.471572987217949988e+28
1.357498823772990022e+02 2.452772723871044852e+28
1.369121954533460439e+02 2.433900714348779267e+28
1.380844604473107324e+02 2.415449758104677374e+28
1.392667625691698845e+02 2.397298368115513404e+28
1.404591877584822726e+02 2.379077373025435932e+28
1.416618226906348923e+02 2.361614705349459872e+28
1.428747547831456473e+02 2.344196033165592122e+28
1.440980722020138671e+02 2.326881206043607515e+28
1.453318638681316202e+02 2.310188370324001012e+28
1.465762194637462130e+02 2.293427987634910637e+28
1.478312294389788804e+02 2.277013969831997080e+28
1.490969850184021652e+02 2.260947756735312782e+28
1.503735782076643090e+02 2.244815738781713393e+28
1.516611018001854916e+02 2.229357962689271653e+28
1.529596493838962203e+02 2.214040285885324958e+28
1.542693153480429942e+02 2.198699889396059240e+28
1.555901948900486786e+02 2.184067512952745555e+28
1.569223840224318280e+02 2.169371785768901240e+28
1.582659795797885351e+02 2.154857952656670882e+28
1.596210792258244453e+02 2.140891800378504320e+28
1.609877814604625712e+02 2.126863736237272877e+28
1.623661856269960424e+02 2.113191493085040220e+28
1.637563919193125059e+02 2.099901292160386754e+28
1.651585013891762515e+02 2.086550593573981171e+28
1.665726159535729494e+02 2.073701741863599232e+28
1.679988384021205547e+02 2.061122296532874000e+28
1.694372724045367136e+02 2.048483853881759982e+28
1.708880225181771095e+02 2.036410524024484670e+28
1.723511941956349744e+02 2.024534487398763774e+28
1.738268937924061106e+02 2.012601001959687783e+28
1.753152285746198231e+02 2.001252818401697522e+28
1.768163067268351085e+02 1.990115176419688215e+28
1.783302373599073576e+02 1.978921802439099047e+28
1.798571305189150280e+02 1.968219424919472102e+28
1.813970971911616061e+02 1.957816895521800997e+28
1.829502493142423418e+02 1.947360468268712766e+28
1.845166997841808154e+02 1.937207699668175930e+28
1.860965624636350526e+02 1.927562807745119865e+28
1.876899521901734715e+02 1.917866073356029323e+28
1.892969847846250104e+02 1.908147927927973914e+28
1.909177770594936021e+02 1.899274329568496781e+28
1.925524468274520302e+02 1.890351185182401397e+28
1.942011129099047650e+02 1.881378489141108079e+28
1.958638951456248947e+02 1.872826763192264174e+28
1.975409143994650663e+02 1.864681539080445268e+28
1.992322925711420112e+02 1.856489268731381010e+28
2.009381526041006509e+02 1.848249911734859742e+28
2.026586184944455908e+02 1.840708085960078114e+28
2.043938152999576232e+02 1.833328692024956927e+28
2.061438691491830184e+02 1.825905077745799429e+28
2.079089072506007483e+02 1.818437168158032142e+28
2.096890579018734684e+02 1.811695926411828385e+28
2.114844504991636711e+02 1.805096235889013879e+28
2.132952155465513044e+02 1.798455454300382773e+28
2.151214846655107067e+02 1.791773478287498547e+28
2.169633906044818161e+02 1.785554799097887075e+28
2.188210672485189150e+02 1.779748879506612798e+28
2.206946496290214554e+02 1.773905356374257818e+28
2.225842739335538454e+02 1.768024105017009927e+28
2.244900775157346686e+02 1.762105002358177220e+28
2.264121989052334811e+02 1.756983174809997371e+28
2.283507778178301919e+02 1.751961484900736653e+28
2.303059551655754547e+02 1.746906006315172823e+28
2.322778730670322602e+02 1.741816600912010332e+28
2.342666748576054943e+02 1.736693131289358483e+28
2.362725050999654002e+02 1.732211735483532230e+28
2.382955095945451660e+02 1.727992365019749913e+28
2.403358353901522548e+02 1.723743462162805722e+28
2.423936307946466684e+02 1.719464882899500739e+28
2.444690453857259058e+02 1.715156483672995827e+28
2.465622300217966085e+02 1.710818121644371586e+28
2.486733368529392010e+02 1.707335368781919139e+28
2.508025193319713537e+02 1.703954196187671340e+28
2.529499322255963705e+02 1.700548365175351746e+28
2.551157316256567640e+02 1.697117736154488907e+28
2.573000749604794350e+02 1.693662169243705230e+28
2.595031210063186222e+02 1.690181524940111523e+28
2.617250298988975601e+02 1.686806935421214387e+28
2.639659631450468282e+02 1.684199486096066500e+28
2.662260836344487984e+02 1.681572297592959024e+28
2.685055556514710133e+02 1.678925244223354380e+28
2.708045448871123426e+02 1.676258200178055906e+28
2.731232184510453180e+02 1.673571038853395239e+28
2.754617448837635720e+02 1.670863633686235095e+28
2.778202941688322198e+02 1.668135857481559193e+28
2.801990377452429470e+02 1.665475461199117186e+28
2.825981485198800556e+02 1.663634280205577456e+28
2.850178008800818361e+02 1.661778641219476839e+28
2.874581707063210843e+02 1.659908442568104300e+28
2.899194353849886738e+02 1.658023581927558206e+28
2.924017738212869517e+02 1.656123956640899031e+28
2.949053664522347731e+02 1.654209463347157197e+28
2.974303952597811076e+02 1.652279998452377055e+28
2.999770437840386421e+02 1.650335457682894980e+28
3.025454971366173140e+02 1.648375736327223139e+28
3.051359420140844350e+02 1.646409193509608852e+28
3.077485667115347496e+02 1.645270729595462474e+28
3.103835611362753752e+02 1.644123023271076638e+28
3.130411168216365922e+02 1.642966003962559845e+28
3.157214269408800646e+02 1.641799600698071937e+28
3.184246863212578660e+02 1.640623741981860301e+28
3.211510914581603515e+02 1.639438355886001144e+28
3.239008405294054000e+02 1.638243370098550182e+28
3.266741334096422520e+02 1.637038711667632633e+28
3.294711716848789251e+02 1.635824307310621044e+28
3.322921586671416776e+02 1.634600083245269439e+28
3.351372994092387216e+02 1.633365965238255877e+28
3.380068007196839517e+02 1.632121878523599570e+28
3.409008711777148619e+02 1.630867747894733765e+28
3.438197211484604736e+02 1.629919038133213434e+28
3.467635627982306232e+02 1.629328391737355353e+28
3.497326101099375819e+02 1.628732825646672577e+28
3.527270788986547245e+02 1.628132300071316381e+28
3.557471868272958204e+02 1.627526774950618869e+28
3.587931534224423444e+02 1.626916209894186201e+28
3.618652000902985719e+02 1.626300564223316317e+28
3.649635501327857128e+02 1.625679796972302513e+28
3.680884287637732655e+02 1.625053866809636726e+28
3.712400631254475343e+02 1.624422732179612336e+28
3.744186823048288488e+02 1.623786351123436921e+28
3.776245173504139530e+02 1.623144681420860792e+28
3.808578012889769866e+02 1.622497680551523441e+28
3.841187691425059256e+02 1.621845305636389811e+28
3.874076579452861324e+02 1.621187513479280614e+28
3.907247067611300508e+02 1.620524260568382837e+28
3.940701567007524773e+02 1.619855503117750590e+28
3.974442509393032879e+02 1.619181196948913428e+28
4.008472347340334068e+02 1.618807036006984861e+28
4.042793554421290310e+02 1.618566327152210842e+28
4.077408625386893846e+02 1.618323580347980946e+28
4.112320076348613043e+02 1.618078778541089951e+28
4.147530444961279272e+02 1.617831904535876385e+28
4.183042290607530163e+02 1.617582941001459521e+28
4.218858194583914951e+02 1.617331870464952305e+28
4.254980760288422061e+02 1.617078675311675322e+28
4.291412613409783035e+02 1.616823337771370684e+28
4.328156402118314645e+02 1.616565839939471416e+28
4.365214797258405497e+02 1.616306163770309559e+28
4.402590492542661309e+02 1.616044291056354526e+28
4.440286204747683314e+02 1.615780203463472905e+28
4.478304673911621308e+02 1.615513882489147676e+28
4.516648663533232479e+02 1.615245309483751780e+28
4.555320960772828585e+02 1.614974465657803796e+28
4.594324376654851108e+02 1.614701332054215613e+28
4.633661746272181858e+02 1.614425889576569443e+28
4.673335928992316894e+02 1.614148118954378096e+28
4.713349808664996203e+02 1.613868000778368306e+28
4.753706293832096321e+02 1.613585515479759338e+28
4.794408317938838877e+02 1.613300643323533533e+28
4.835458839547105185e+02 1.613068068748008835e+28
4.876860842550481721e+02 1.613001289158948003e+28
4.918617336391122876e+02 1.612933939555625638e+28
4.960731356278611202e+02 1.612866015084875479e+28
5.003205963410356958e+02 1.612797510857336663e+28
5.046044245194393056e+02 1.612728421939413435e+28
5.089249315473570618e+02 1.612658743358131252e+28
5.132824314752004966e+02 1.612588470094698040e+28
5.176772410423328665e+02 1.612517597094200129e+28
5.221096797000903962e+02 1.612446119251105854e+28
5.265800696350111139e+02 1.612374031423797576e+28
5.310887357922415504e+02 1.612301328421693768e+28
5.356360058991646156e+02 1.612228005014931746e+28
5.402222104892197194e+02 1.612154055926338164e+28
5.448476829259284386e+02 1.612079475836275435e+28
5.495127594271266389e+02 1.612004259377825873e+28
5.542177790894003238e+02 1.611928401140048227e+28
5.589630839127441959e+02 1.611851895667980758e+28
5.637490188254067789e+02 1.611774737457833294e+28
5.685759317089721208e+02 1.611696920960230794e+28
5.734441734236440880e+02 1.611618440580247645e+28
5.783540978337497336e+02 1.611539290674183901e+28
5.833060618334620813e+02 1.611459465551210809e+28
5.883004253727382320e+02 1.611378959471787071e+28
5.933375514834943942e+02 1.611297766650897790e+28
5.984178063059791839e+02 1.611215881251628038e+28
6.035415591153969217e+02 1.611133297388417857e+28
6.087091823487482998e+02 1.611052011739542403e+28
6.139210516319011504e+02 1.611056327174654613e+28
6.191775458068944999e+02 1.611060679112366272e+28
6.244790469594736351e+02 1.611065067857548206e+28
6.298259404468727780e+02 1.611089124777502493e+28
6.352186149258117212e+02 1.611115525044830048e+28
6.406574623807561011e+02 1.611142151465297801e+28
6.461428781524076612e+02 1.611169005976945191e+28
6.516752609664408737e+02 1.611194742246233809e+28
6.572550129624863757e+02 1.611218410802917468e+28
6.628825397233578087e+02 1.611242282093029305e+28
6.685582503045447993e+02 1.611266357854391648e+28
6.742825572639301299e+02 1.611290639838868467e+28
6.800558766917881712e+02 1.611315129813204746e+28
6.858786282410277408e+02 1.611339829559888711e+28
6.917512351576925766e+02 1.611350446199271412e+28
6.976741243117411386e+02 1.611359348839650312e+28
7.036477262280432114e+02 1.611368327599411839e+28
7.096724751177143844e+02 1.611377383128458402e+28
7.157488089096465274e+02 1.611386516082190191e+28
7.218771692823542026e+02 1.611395727121668783e+28
7.280580016960773264e+02 1.611405016913455068e+28
7.342917554251570209e+02 1.611414386129920638e+28
7.405788835907085286e+02 1.611423835449230852e+28
7.469198431935237750e+02 1.611426216827893727e+28
7.533150951473334089e+02 1.611426700918223381e+28
7.597651043122752981e+02 1.611427188969445158e+28
7.662703395287006742e+02 1.611427681012296785e+28
7.728312736512494894e+02 1.611428177077749526e+28
7.794483835832189698e+02 1.611428677196958041e+28
7.861221503112409437e+02 1.611429181401308332e+28
7.928530589402251962e+02 1.611429689722397063e+28
7.996415987286341078e+02 1.611430202192025848e+28
8.064882631240419641e+02 1.611430718842208729e+28
8.133935497990033809e+02 1.611431239705183605e+28
8.203579606872282284e+02 1.611431764813388710e+28
8.273820020200629415e+02 1.611431454714376533e+28
8.344661843633009539e+02 1.611429513482721243e+28
8.416110226542749615e+02 1.611427555282973924e+28
8.488170362393001369e+02 1.611425579963898290e+28
8.560847489114212294e+02 1.611423587372793287e+28
8.634146889484859457e+02 1.611421577355652081e+28
8.708073891515450669e+02 1.611419549756937756e+28
8.782633868835770272e+02 1.611417504419806298e+28
8.857832241085619671e+02 1.611415441185846230e+28
8.933674474308553499e+02 1.611413359895214949e+28
9.010166081349333354e+02 1.611411260386590349e+28
9.087312622254618191e+02 1.611409142497148393e+28
9.165119704677108530e+02 1.611407006062553873e+28
9.243592984283162650e+02 1.611404850916991201e+28
9.322738165163852955e+02 1.611402676893013331e+28
9.402561000249747849e+02 1.611400483821682941e+28
9.483067291728847295e+02 1.611398271532456981e+28
9.564262891468488306e+02 1.611391423629622298e+28
9.646153701440669010e+02 1.611383649908694603e+28
9.728745674151016374e+02 1.611375809111254773e+28
9.812044813071656790e+02 1.611367900654150208e+28
9.896057173077166453e+02 1.611359923949033776e+28
9.980788860885245413e+02 1.611351878402336103e+28
1.006624603550016559e+03 1.611343763415288446e+28
1.015243490866065486e+03 1.611335578383897402e+28
1.023936174529138952e+03 1.611327322698755132e+28
1.032703286395832265e+03 1.611318995744950963e+28
1.041545463732819144e+03 1.611310596902424987e+28
1.050463349263127384e+03 1.611302125545314076e+28
1.059457591212915531e+03 1.611293581042606747e+28
1.068528843358545373e+03 1.611284962757279608e+28
1.077677765074125091e+03 1.611276270047055801e+28
1.086905021379433492e+03 1.611267502263729460e+28
1.096211282988255107e+03 1.611258658753450268e+28
1.105597226357155023e+03 1.611249738856527080e+28
1.115063533734600924e+03 1.611240741907600991e+28
1.124610893210616723e+03 1.611231667235087658e+28
1.134239998766749750e+03 1.611222514161723985e+28
1.143951550326537244e+03 1.611211411505922345e+28
1.153746253806377126e+03 1.611199647144915576e+28
1.163624821166838274e+03 1.611187780935779270e+28
1.173587970464426689e+03 1.611175811987309114e+28
1.183636425903754798e+03 1.611163739400277001e+28
1.193770917890199144e+03 1.611151562267302822e+28
1.203992183082989413e+03 1.611139279673079432e+28
1.214300964448753803e+03 1.611126890694123716e+28
1.224698011315523900e+03 1.611114394398408694e+28
1.235184079427198412e+03 1.611101789845943184e+28
1.245759930998495520e+03 1.611089076088048323e+28
1.256426334770328140e+03 1.611076252167704792e+28
1.267184066065700563e+03 1.611063317119295090e+28
1.278033906846062791e+03 1.611050269968598919e+28
1.288976645768148956e+03 1.611037109732294224e+28
1.300013078241302310e+03 1.611023835418907169e+28
1.311144006485288855e+03 1.611010446027363643e+28
1.322370239588628692e+03 1.610996940548167497e+28
1.333692593567377799e+03 1.610983317962433189e+28
1.345111891424461646e+03 1.610969577242349346e+28
1.356628963209493804e+03 1.610955717350566989e+28
1.368244646079110908e+03 1.610941737240664409e+28
1.379959784357823992e+03 1.610927635856771134e+28
1.391775229599385511e+03 1.610913412133558253e+28
1.403691840648709558e+03 1.610899064995979591e+28
1.415710483704266153e+03 1.610884593359254998e+28
1.427832032381066256e+03 1.610862704540359854e+28
1.440057367774159047e+03 1.610839870257777541e+28
1.452387378522668314e+03 1.610816838025972600e+28
1.464822960874419323e+03 1.610793606107940080e+28
1.477365018751017260e+03 1.610770172751596767e+28
1.490014463813637576e+03 1.610746536189016585e+28
1.502772215529225150e+03 1.610722694636027512e+28
1.515639201237360794e+03 1.610698646292754963e+28
1.528616356217660723e+03 1.610674389343026950e+28
1.541704623757754007e+03 1.610649921954361770e+28
1.554904955221881892e+03 1.610625242278119298e+28
1.568218310119978469e+03 1.610600348448360130e+28
1.581645656177507362e+03 1.610575238582752467e+28
1.595187969405732929e+03 1.610549910782172326e+28
1.608846234172695631e+03 1.610524363129929266e+28
1.622621443274760168e+03 1.610498593692483053e+28
1.636514598008771600e+03 1.610472600518673996e+28
1.650526708244865404e+03 1.610446381639693485e+28
1.664658792499832543e+03 1.610419935068863867e+28
1.678911878011181898e+03 1.610393258801982592e+28
1.693287000811799771e+03 1.610366350816370918e+28
1.707785205805258784e+03 1.610339209071198924e+28
1.722407546841769999e+03 1.610311831507280561e+28
1.737155086794777844e+03 1.610284216046473984e+28
1.752028897638247599e+03 1.610256360592406562e+28
1.767030060524542250e+03 1.610228263029116984e+28
1.782159665863038981e+03 1.610199921221796115e+28
1.797418813399380724e+03 1.610171333016540037e+28
1.812808612295415969e+03 1.610142496239392820e+28
1.828330181209821149e+03 1.610113408697060985e+28
1.843984648379407417e+03 1.610079954728849088e+28
1.859773151701158895e+03 1.610040538908139283e+28
1.875696838814901866e+03 1.610000779111976085e+28
1.891756867186751379e+03 1.609960672283876819e+28
1.907954404193241089e+03 1.609920215339553919e+28
1.924290627206177078e+03 1.609879405166114924e+28
1.940766723678217204e+03 1.609838238622002006e+28
1.957383891229180108e+03 1.609796712537170751e+28
1.974143337733127737e+03 1.609754823711785255e+28
1.991046281406116805e+03 1.609712568916900485e+28
2.008093950894780619e+03 1.609669944893887453e+28
2.025287585365629184e+03 1.609626948353884779e+28
2.042628434595122599e+03 1.609583575977957680e+28
2.060117759060514800e+03 1.609539824416044860e+28
2.077756830031467416e+03 1.609495690287880118e+28
2.095546929662488765e+03 1.609451170180921970e+28
2.113489351086083843e+03 1.609406260652281090e+28
2.131585398506780166e+03 1.609360958226391987e+28
2.149836387295921668e+03 1.609315259395689643e+28
2.168243644087272060e+03 1.609269160620283838e+28
2.186808506873489932e+03 1.609222658327372450e+28
2.205532325103286439e+03 1.609175748911172847e+28
2.224416459779639354e+03 1.609128428732081639e+28
2.243462283558625131e+03 1.609080694117094910e+28
2.262671180849240045e+03 1.609032541359219764e+28
2.282044547914018040e+03 1.608983966716146549e+28
2.301583792970517607e+03 1.608934966411653817e+28
2.321290336293727250e+03 1.608885536634273735e+28
2.341165610319200368e+03 1.608835673536693511e+28
2.361211059747307900e+03 1.608785373235927359e+28
2.381428141648147630e+03 1.608734631812710227e+28
2.401818325567503507e+03 1.608683445311157167e+28
2.422383093633654880e+03 1.608631809739166638e+28
2.443123940665101145e+03 1.608579721066068873e+28
2.464042374279254091e+03 1.608527175224784212e+28
2.485139915001968347e+03 1.608456097062440678e+28
2.506418096378104110e+03 1.608379960620536382e+28
2.527878465082986168e+03 1.608303154842949961e+28
2.549522581034832001e+03 1.608225673700692363e+28
2.571352017508137578e+03 1.608147511107561448e+28
2.593368361248027213e+03 1.608068660921054144e+28
2.615573212585632518e+03 1.607989116939691994e+28
2.637968185554353113e+03 1.607908872904647114e+28
2.660554908007224185e+03 1.607827922497780663e+28
2.683335021735227656e+03 1.607746259340755100e+28
2.706310182586633346e+03 1.607663876995210764e+28
2.729482060587359229e+03 1.607580768962583795e+28
2.752852340062352596e+03 1.607496928682144825e+28
2.776422719758064886e+03 1.607412349531517727e+28
2.800194912965861931e+03 1.607327024825421556e+28
2.824170647646608359e+03 1.607240947815473953e+28
2.848351666556255623e+03 1.607154111688207851e+28
2.872739727372523248e+03 1.607066509567381981e+28
2.897336602822658733e+03 1.606978134510187127e+28
2.922144080812282027e+03 1.606888979507762226e+28
2.947163964555397342e+03 1.606799037484985909e+28
2.972398072705389040e+03 1.606708301299910250e+28
2.997848239487266710e+03 1.606616763741372184e+28
3.023516314830979354e+03 1.606524417530589343e+28
3.049404164505884637e+03 1.606431255318413032e+28
3.075513670256367732e+03 1.606337269686180354e+28
3.101846729938609315e+03 1.606237805039045130e+28
3.128405257658588198e+03 1.606121762902786100e+28
3.155191183911140342e+03 1.606004691267069652e+28
3.182206455720329814e+03 1.605886580704281987e+28
3.209453036780967068e+03 1.605767421696471672e+28
3.236932907601329589e+03 1.605647204634138858e+28
3.264648065647190379e+03 1.605525919814145767e+28
3.292600525486862352e+03 1.605403557438943514e+28
3.320792318937820710e+03 1.605280107617535723e+28
3.349225495214247985e+03 1.605155560361183392e+28
3.377902121076051571e+03 1.605029905585243716e+28
3.406824280979081777e+03 1.604903133107037035e+28
3.435994077226631362e+03 1.604775232644618022e+28
3.465413630122321138e+03 1.604646193815505963e+28
3.495085078124065149e+03 1.604516006136751170e+28
3.525010577999708858e+03 1.604384659022784337e+28
3.555192304983645954e+03 1.604252141785015874e+28
3.585632452935003130e+03 1.604118443630570595e+28
3.616333234497094054e+03 1.603983273826303288e+28
3.647296881258237136e+03 1.603845847614410516e+28
3.678525643914027114e+03 1.603707187450293269e+28
3.710021792430842652e+03 1.603567281794043093e+28
3.741787616210907800e+03 1.603426118991090939e+28
3.773825424258689509e+03 1.603283687270354492e+28
3.806137545348734420e+03 1.603139974743701826e+28
3.838726328194945381e+03 1.602994969401862983e+28
3.871594141621286781e+03 1.602848659117428118e+28
3.904743374734037388e+03 1.602701031639845382e+28
3.938176437095352867e+03 1.602552074595742201e+28
3.971895758898475833e+03 1.602401775487902067e+28
4.005903791144369734e+03 1.602250121692892235e+28
4.040203005819874761e+03 1.602097100459577841e+28
4.074795896077393536e+03 1.601944294322528900e+28
4.109684976416098834e+03 1.601793622334806190e+28
4.144872782864771580e+03 1.601641580775423556e+28
4.180361873166044461e+03 1.601488156568885805e+28
4.216154826962386323e+03 1.601333336504123784e+28
4.252254245983589499e+03 1.601177107234188273e+28
4.288662754235894681e+03 1.601019455274231063e+28
4.325382998192716514e+03 1.600860366999458766e+28
4.362417646986999898e+03 1.600699828645227810e+28
4.399769392605302528e+03 1.600537826303691370e+28
4.437440950083365351e+03 1.600374345922570336e+28
4.475435057703534767e+03 1.600209373304359020e+28
4.513754477193787352e+03 1.600014218960007585e+28
4.552401993928454431e+03 1.599800212569924847e+28
4.591380417130780188e+03 1.599606611055467250e+28
4.630692580076914055e+03 1.599429800269454833e+28
4.670341340302119534e+03 1.599251372610090286e+28
4.710329579808277231e+03 1.599083678371504300e+28
4.750660205273467000e+03 1.598927126280173977e+28
4.791336148263226278e+03 1.598769116020263437e+28
4.832360365443630144e+03 1.598609633111108223e+28
4.873735838796294956e+03 1.598448551013255852e+28
4.915465575834922674e+03 1.598284177786750433e+28
4.957552609824187130e+03 1.598118272136706446e+28
4.999999999999999091e+03 1.597950818824061614e+28
