Time [s]                 Flux [W m-2]
3.153600000000000000e+13 2.057336723083540431e+00
3.182809245496755859e+13 2.048615876195976959e+00
3.212289032603883594e+13 2.039814255158973744e+00
3.242041867129461719e+13 2.030931111826928426e+00
3.272070278090815234e+13 2.021965691124778530e+00
3.302376817929536719e+13 2.012917230983803929e+00
3.332964062728401172e+13 2.003784962276864867e+00
3.363834612430353906e+13 1.994568108753019375e+00
3.394991091059527344e+13 1.985265886971534277e+00
3.426436146944241406e+13 1.975877506235307113e+00
3.458172452942165625e+13 1.966402168523639693e+00
3.490202706667465625e+13 1.956839068424420125e+00
3.522529630720125781e+13 1.947187393065655581e+00
3.555155972917392188e+13 1.937446322046371128e+00
3.588084506527292188e+13 1.927615027366889500e+00
3.621318030504416406e+13 1.917692673358434741e+00
3.654859369727790625e+13 1.907678416612112349e+00
3.688711375241004688e+13 1.897571405907214626e+00
3.722876924494585938e+13 1.887370782138857228e+00
3.757358921590521875e+13 1.877075678244973123e+00
3.792160297529182812e+13 1.866685219132590223e+00
3.827284010458400781e+13 1.856198521603464657e+00
3.862733045924935156e+13 1.845614694279003709e+00
3.898510417128275000e+13 1.834932837524487104e+00
3.934619165176707031e+13 1.824152043372616383e+00
3.971062359345874219e+13 1.813271395446316658e+00
4.007843097339614844e+13 1.802289968880860682e+00
4.044964505553289844e+13 1.791206830245247517e+00
4.082429739339555469e+13 1.780021037462853117e+00
4.120241983276517188e+13 1.768731639731368821e+00
4.158404451438478906e+13 1.757337677441964452e+00
4.196920387669094531e+13 1.745838182097736446e+00
4.235793065857114062e+13 1.734232176231378153e+00
4.275025790214697656e+13 1.722518673322086080e+00
4.314621895558214844e+13 1.710696677711723623e+00
4.354584747591775781e+13 1.698765184520167226e+00
4.394917743193258594e+13 1.686723179559910024e+00
4.435624310703073438e+13 1.674569639249846364e+00
4.476707910215600000e+13 1.662303530528259632e+00
4.518172033873238281e+13 1.649923810765028254e+00
4.560020206163313281e+13 1.637429427672981053e+00
4.602255984217597656e+13 1.624819319218469893e+00
4.644882958114697656e+13 1.612092413531088786e+00
4.687904751185242969e+13 1.599247628812553668e+00
4.731325020319802344e+13 1.586376488937771612e+00
4.775147456279804688e+13 1.577680288827475463e+00
4.819375784011185938e+13 1.568903542850896393e+00
4.864013762961043750e+13 1.560045504976839359e+00
4.909065187397221094e+13 1.551105422264219991e+00
4.954533886730754688e+13 1.542082534798078663e+00
5.000423725841457812e+13 1.532976075624969292e+00
5.046738605406369531e+13 1.523785270687782578e+00
5.093482462231343750e+13 1.514509338759945090e+00
5.140659269585711719e+13 1.505147491379007274e+00
5.188273037539944531e+13 1.495698932779637502e+00
5.236327813306593750e+13 1.486162859825965743e+00
5.284827681584232031e+13 1.476538461943331049e+00
5.333776764904695312e+13 1.466824921049374009e+00
5.383179223983523438e+13 1.457021411484494600e+00
5.433039258073558594e+13 1.447127099941684092e+00
5.483361105321967188e+13 1.437141145395676389e+00
5.534149043130412500e+13 1.427062699031475645e+00
5.585407388518666406e+13 1.416890904172199095e+00
5.637140498491596875e+13 1.406624896206252862e+00
5.689352770409439844e+13 1.396263802513853625e+00
5.742048642361664844e+13 1.385806742392838409e+00
5.795232593544140625e+13 1.375252826983819343e+00
5.848909144639902344e+13 1.364601159194622992e+00
5.903082858203450781e+13 1.353850833624030248e+00
5.957758339048489844e+13 1.343000936484832319e+00
6.012940234639437500e+13 1.332050545526138663e+00
6.068633235486375781e+13 1.320998729955002782e+00
6.124842075543788281e+13 1.309844550357295523e+00
6.181571532612983594e+13 1.298587058617848733e+00
6.238826428748133594e+13 1.287225297839878158e+00
6.296611630666244531e+13 1.275758302263630295e+00
6.354932050160745312e+13 1.267737108706311400e+00
6.413792644519036719e+13 1.260436859759375583e+00
6.473198416943897656e+13 1.253068994512438916e+00
6.533154416978678125e+13 1.245632886690419827e+00
6.593665740936613281e+13 1.238127904217551478e+00
6.654737532333925781e+13 1.230553409163664735e+00
6.716374982327067969e+13 1.222908757689960213e+00
6.778583330154015625e+13 1.215193299994274945e+00
6.841367863579510156e+13 1.207406380255861666e+00
6.904733919344639844e+13 1.199547336579628531e+00
6.968686883620360156e+13 1.191615500939890770e+00
7.033232192465377344e+13 1.183610199123581452e+00
7.098375332288248438e+13 1.175530750672938884e+00
7.164121840313654688e+13 1.167376468827676428e+00
7.230477305053110938e+13 1.159146660466602530e+00
7.297447366780031250e+13 1.150840626048700077e+00
7.365037718009067188e+13 1.142457659553675509e+00
7.433254103980081250e+13 1.133997048421934384e+00
7.502102323146406250e+13 1.125458073494024047e+00
7.571588227667751562e+13 1.116840008949499641e+00
7.641717723907696875e+13 1.108142122245223016e+00
7.712496772935628125e+13 1.099363674053109641e+00
7.783931391033551562e+13 1.090503918197269329e+00
7.856027650207385938e+13 1.081562101590593183e+00
7.928791678703123438e+13 1.074345473669789941e+00
8.002229661527792188e+13 1.068201561670935051e+00
8.076347840975068750e+13 1.062000743585740592e+00
8.151152517156015625e+13 1.055742492339163618e+00
8.226650048534475000e+13 1.049426275974296052e+00
8.302846852467596875e+13 1.043051557607142632e+00
8.379749405751364062e+13 1.036617795380982976e+00
8.457364245171020312e+13 1.030124442420320641e+00
8.535697968056831250e+13 1.023570946784388758e+00
8.614757232844732812e+13 1.016956751420244220e+00
8.694548759642379688e+13 1.010281294115412898e+00
8.775079330800392188e+13 1.003544007450096753e+00
8.856355791488748438e+13 9.967443187489534173e-01
8.938385050278768750e+13 9.898816500324061352e-01
9.021174079730229688e+13 9.829554179675253911e-01
9.104729916984082812e+13 9.759650338184405749e-01
9.189059664360682812e+13 9.689099033962926821e-01
9.274170489963354688e+13 9.617894270087378183e-01
9.360069628287843750e+13 9.546029994089610948e-01
9.446764380837117188e+13 9.473500097442405510e-01
9.534262116742056250e+13 9.417858218103278833e-01
9.622570273387901562e+13 9.365087010699560954e-01
9.711696357046295312e+13 9.311827026294265952e-01
9.801647943513481250e+13 9.258073737741427944e-01
9.892432678754112500e+13 9.203822575963833685e-01
9.984058279551229688e+13 9.149068929564598829e-01
1.007653253416225625e+14 9.093808144435162610e-01
1.016986330298085156e+14 9.038035523359777557e-01
1.026405851920523594e+14 8.981746325616128956e-01
1.035912618951235625e+14 8.924935766572472673e-01
1.045507439473853438e+14 8.867599017280884954e-01
1.055191129056640156e+14 8.809731204066770793e-01
1.064964510821799844e+14 8.751327408114676354e-01
1.074828415515459844e+14 8.692382665050093493e-01
1.084783681578270625e+14 8.632891964517562799e-01
1.094831155216679688e+14 8.572850249754760954e-01
1.104971690474867500e+14 8.513618610099987771e-01
1.115206149307325312e+14 8.463998961882764904e-01
1.125535401652140469e+14 8.413919727007033167e-01
1.135960325504926719e+14 8.363376648693398030e-01
1.146481806993460781e+14 8.312365430735358940e-01
1.157100740453010469e+14 8.260881737134100344e-01
1.167818028502338906e+14 8.208921191729999789e-01
1.178634582120446094e+14 8.156479377830561095e-01
1.189551320723985625e+14 8.103551837835081262e-01
1.200569172245424375e+14 8.050134072855699152e-01
1.211689073211924062e+14 7.996221542334965848e-01
1.222911968824930000e+14 7.941809663659966656e-01
1.234238813040533906e+14 7.886893811772702767e-01
1.245670568650543125e+14 7.831469318777042332e-01
1.257208207364327188e+14 7.775531473541908989e-01
1.268852709891420312e+14 7.728269215005169057e-01
1.280605066024868438e+14 7.685866343895862984e-01
1.292466274725370000e+14 7.643070729295950994e-01
1.304437344206195312e+14 7.599878733540198494e-01
1.316519292018868594e+14 7.556286685270653392e-01
1.328713145139681094e+14 7.512290879124510212e-01
1.341019940056966562e+14 7.467887575419211998e-01
1.353440722859211719e+14 7.423072999834549046e-01
1.365976549323982344e+14 7.377843343091807782e-01
1.378628485007647812e+14 7.332194760630046382e-01
1.391397605335973750e+14 7.286123372279226240e-01
1.404284995695517344e+14 7.239625261930462408e-01
1.417291751525892500e+14 7.192696477203123218e-01
1.430418978412893750e+14 7.153741237298996136e-01
1.443667792182449688e+14 7.115798290740660281e-01
1.457039318995494062e+14 7.077503909364679657e-01
1.470534695443669062e+14 7.038854838114665391e-01
1.484155068645946562e+14 6.999847791785269724e-01
1.497901596346141250e+14 6.960479454742921623e-01
1.511775447011300938e+14 6.920746480644053289e-01
1.525777799931050000e+14 6.880645492150588849e-01
1.539909845317810000e+14 6.840173080642929504e-01
1.554172784407976562e+14 6.799325805930187538e-01
1.568567829564035625e+14 6.758100195957749134e-01
1.583096204377594688e+14 6.720184243365786569e-01
1.597759143773411250e+14 6.686788374196732665e-01
1.612557894114343438e+14 6.653083186109256530e-01
1.627493713307299688e+14 6.619065814132466530e-01
1.642567870910172812e+14 6.584733366759542017e-01
1.657781648239728750e+14 6.550082925702005454e-01
1.673136338480549062e+14 6.515111545641599777e-01
1.688633246794926875e+14 6.479816253979994167e-01
1.704273690433817500e+14 6.444194050586083966e-01
1.720058998848817188e+14 6.408241907540952464e-01
1.735990513805142500e+14 6.372484735827478319e-01
1.752069589495710312e+14 6.341483605277283830e-01
1.768297592656218750e+14 6.310195336335119309e-01
1.784675902681335000e+14 6.278617269470364581e-01
1.801205911741952500e+14 6.246746720519300577e-01
1.817889024903503438e+14 6.214580980456996251e-01
1.834726660245418750e+14 6.182117315166988369e-01
1.851720248981641562e+14 6.149352965208925159e-01
1.868871235582290312e+14 6.116285145583990612e-01
1.886181077896454375e+14 6.082911045498158309e-01
1.903651247276084375e+14 6.054358599911586758e-01
1.921283228701088438e+14 6.028235974258870922e-01
1.939078520905530625e+14 6.001871395858275893e-01
1.957038636505037188e+14 5.975262623697247255e-01
1.975165102125379688e+14 5.948407396006527570e-01
1.993459458532213750e+14 5.921303430067941242e-01
2.011923260762077188e+14 5.893948422020318656e-01
2.030558078254540625e+14 5.866340046663707231e-01
2.049365494985624062e+14 5.838475957261707316e-01
2.068347109602447812e+14 5.815612256300116689e-01
2.087504535559090938e+14 5.792672858410065073e-01
2.106839401253769062e+14 5.769520991435622692e-01
2.126353350167220000e+14 5.746154687447557752e-01
2.146048041002414688e+14 5.722571960289297710e-01
2.165925147825560312e+14 5.698770805408097662e-01
2.185986360208366875e+14 5.674749199684681056e-01
2.206233383371699688e+14 5.650505101261232843e-01
2.226667938330490625e+14 5.626986386881469571e-01
2.247291762040040000e+14 5.603314258487545052e-01
2.268106607543675625e+14 5.579422874319360792e-01
2.289114244121726875e+14 5.555310203588070816e-01
2.310316457441955000e+14 5.530974196695255252e-01
2.331715049711303438e+14 5.506412785058735215e-01
2.353311839829099688e+14 5.481623880936733473e-01
2.375108663541679062e+14 5.459688881177111597e-01
2.397107373598390625e+14 5.441284489678580583e-01
2.419309839909120625e+14 5.422709633190986311e-01
2.441717949703204375e+14 5.403962732835045912e-01
2.464333607689854688e+14 5.385042195107597740e-01
2.487158736220080312e+14 5.365946411746136402e-01
2.510195275450051250e+14 5.346673759592138753e-01
2.533445183506056562e+14 5.327699094389004575e-01
2.556910436650907188e+14 5.309126067054851239e-01
2.580593029451940000e+14 5.290381012794326265e-01
2.604494974950569688e+14 5.271462338261172498e-01
2.628618304833364375e+14 5.252368435351275622e-01
2.652965069604782188e+14 5.233097681065934648e-01
2.677537338761429688e+14 5.213648437373938904e-01
2.702337200967985938e+14 5.198782528711520801e-01
2.727366764234757500e+14 5.184446220602308975e-01
2.752628156096822500e+14 5.169977126869342854e-01
2.778123523794917500e+14 5.155374017626810357e-01
2.803855034457917812e+14 5.140635651597469380e-01
2.829824875287058750e+14 5.125760776007129982e-01
2.856035253741868125e+14 5.111550699428433209e-01
2.882488397727762500e+14 5.097592047081452860e-01
2.909186555785468125e+14 5.083504107030509811e-01
2.936131997282106875e+14 5.069285681788200382e-01
2.963327012604111250e+14 5.054935562775765279e-01
2.990773913351930000e+14 5.040452530220346228e-01
3.018475032536471875e+14 5.027971558832075027e-01
3.046432724777461875e+14 5.015866890724876015e-01
3.074649366503544375e+14 5.003650106869832470e-01
3.103127356154301875e+14 4.991320168829478376e-01
3.131869114384137500e+14 4.978876028548133714e-01
3.160877084267995000e+14 4.967539170900026058e-01
3.190153731509069375e+14 4.959781889533841359e-01
3.219701544648351875e+14 4.951952758746102634e-01
3.249523035276172500e+14 4.944051113053747337e-01
3.279620738245713750e+14 4.936076280809875705e-01
3.309997211888423750e+14 4.928027584146673079e-01
3.340655038231531250e+14 4.919904338917778230e-01
3.371596823217477500e+14 4.911705854640137647e-01
3.402825196925436875e+14 4.903431434435315261e-01
3.434342813794900625e+14 4.895080374970247061e-01
3.466152352851258750e+14 4.886651966397471680e-01
3.498256517933574375e+14 4.880655932832813071e-01
3.530658037924361875e+14 4.874847180629479637e-01
3.563359666981568125e+14 4.868984626653843351e-01
3.596364184772696875e+14 4.863067772583611892e-01
3.629674396711034375e+14 4.857096115480941112e-01
3.663293134194171250e+14 4.851069147749674793e-01
3.697223254844621250e+14 4.844986357092208595e-01
3.731467642752740625e+14 4.838847226465939899e-01
3.766029208721908125e+14 4.832651234039315180e-01
3.800910890515885000e+14 4.828923216116714490e-01
3.836115653108595625e+14 4.827970566924266183e-01
3.871646488936093125e+14 4.827009094113053900e-01
3.907506418150946875e+14 4.826038715957035596e-01
3.943698488878978125e+14 4.825059349973205847e-01
3.980225777478301875e+14 4.824070912914588671e-01
4.017091388800878125e+14 4.823073320763155425e-01
4.054298456456380000e+14 4.822066488722688282e-01
4.091850143078566250e+14 4.821050331211570450e-01
4.129749640594141250e+14 4.821516529748617885e-01
4.168000170494009375e+14 4.822379086728038611e-01
4.206604984107175625e+14 4.823249632874939685e-01
4.245567362877046250e+14 4.824128242186517257e-01
4.284890618640383750e+14 4.825014989345340899e-01
4.324578093908843125e+14 4.825909949725706860e-01
4.364633162153023750e+14 4.826813199400041277e-01
4.405059228089289375e+14 4.827724815145368886e-01
4.445859727969112500e+14 4.832293576848189498e-01
4.487038129871180625e+14 4.838097208532344817e-01
4.528597933996215625e+14 4.843954594561578064e-01
4.570542672964431875e+14 4.849866232818897949e-01
4.612875912115883750e+14 4.855832625798804925e-01
4.655601249813455625e+14 4.861854280649995363e-01
4.698722317748759375e+14 4.867931709218474290e-01
4.742242781250855000e+14 4.874492719368877514e-01
4.786166339597741875e+14 4.882268025737478423e-01
4.830496726330879375e+14 4.890115348478650259e-01
4.875237709572468125e+14 4.898035354621787518e-01
4.920393092345778125e+14 4.906028717374439352e-01
4.965966712898438125e+14 4.914096116179536566e-01
5.011962445028618750e+14 4.922238236773133768e-01
5.058384198414387500e+14 4.930754683310188402e-01
5.105235918945969375e+14 4.940157671450973176e-01
5.152521589061175625e+14 4.949647751863764378e-01
5.200245228083950625e+14 4.959225731213823263e-01
5.248410892565940000e+14 4.968892423637890632e-01
5.297022676631390625e+14 4.978648650813404797e-01
5.346084712325076875e+14 4.988495242028331278e-01
5.395601169963560625e+14 5.000921217198229796e-01
5.445576258489705625e+14 5.014557289021825959e-01
5.496014225830361875e+14 5.028319660746961572e-01
5.546919359257537500e+14 5.042209502187453563e-01
5.598295985752737500e+14 5.056227993992147285e-01
5.650148472374792500e+14 5.070376327745282907e-01
5.702481226631108750e+14 5.085887004904228181e-01
5.755298696852212500e+14 5.102799834693833025e-01
5.808605372569967500e+14 5.119869314343084010e-01
5.862405784899106250e+14 5.137096894772896771e-01
5.916704506922407500e+14 5.154484040342890427e-01
5.971506154079452500e+14 5.172032228975877999e-01
6.026815384558858750e+14 5.192661148970171281e-01
6.082636899694325000e+14 5.215193421155229769e-01
6.138975444364161250e+14 5.237934391548637603e-01
6.195835807394650000e+14 5.260885993153054940e-01
6.253222821967132500e+14 5.284050176874997007e-01
6.311141366028748750e+14 5.303024978058360484e-01
6.369596362707168750e+14 5.261304844297013394e-01
6.428592780728971250e+14 5.219198290688762398e-01
6.488135634842030000e+14 5.176701738139196651e-01
6.548229986241811250e+14 5.133811574403615019e-01
6.608880943001486250e+14 5.090524153780059402e-01
6.670093660506230000e+14 5.014035858694633196e-01
6.731873341891340000e+14 4.927312646097009585e-01
6.794225238484545000e+14 4.839786186541315538e-01
6.857154650252411250e+14 4.751449040200781404e-01
6.920666926250762500e+14 4.662293698339606829e-01
6.984767465079446250e+14 4.594603035393808876e-01
7.049461715341135000e+14 4.534570613925906213e-01
7.114755176104495000e+14 4.473982160704967903e-01
7.180653397371666250e+14 4.412832525658673122e-01
7.247161980549905000e+14 4.351116511013805588e-01
7.314286578927835000e+14 4.272870630621903865e-01
7.382032898155870000e+14 4.192284833551910839e-01
7.450406696731248750e+14 4.110952635438630542e-01
7.519413786487556250e+14 4.028867122973012749e-01
7.589060033088633750e+14 3.954010573356075975e-01
7.659351356527276250e+14 3.897898628733781345e-01
7.730293731628341250e+14 3.841266964563738728e-01
7.801893188556650000e+14 3.784110767104252315e-01
7.874155813329612500e+14 3.726425178027791274e-01
7.947087748334432500e+14 3.649426430898191076e-01
8.020695192850338750e+14 3.568757119981537662e-01
8.094984403575420000e+14 3.487340634500380454e-01
8.169961695158496250e+14 3.405170053981221856e-01
8.245633440735923750e+14 3.345403543251832534e-01
8.322006072473196250e+14 3.299936991200039804e-01
8.399086082111818750e+14 3.254049319259611495e-01
8.476880021520998750e+14 3.207736626937719437e-01
8.555394503254605000e+14 3.153152763237639378e-01
8.634636201113292500e+14 3.090700053000779435e-01
8.714611850711668750e+14 3.027668893834059571e-01
8.795328250050953750e+14 2.964053928032990837e-01
8.876792260096708750e+14 2.911594831141139927e-01
8.959010805362058750e+14 2.867468574857588437e-01
9.041990874496352500e+14 2.822933612760785693e-01
9.125739520879067500e+14 2.777986159339451144e-01
9.210263863219505000e+14 2.733353289458702040e-01
9.295571086161755000e+14 2.688531203616771892e-01
9.381668440895470000e+14 2.643293967055336258e-01
9.468563245772188750e+14 2.598556813851630176e-01
9.556262886927457500e+14 2.562860336528732796e-01
9.644774818908622500e+14 2.526833231615297493e-01
9.734106565308428750e+14 2.490472436775444109e-01
9.824265719404597500e+14 2.465816068525433502e-01
9.915259944805215000e+14 2.451555101535914660e-01
1.000709697610021125e+15 2.437162046746479405e-01
1.009978461951876500e+15 2.421852931786622476e-01
1.019333075359280250e+15 2.398332188093428297e-01
1.028774332982673250e+15 2.374593590779990604e-01
1.038303037337330000e+15 2.350635122044476277e-01
1.047919998371578625e+15 2.341947629161175159e-01
1.057626033535643625e+15 2.338336224599708579e-01
1.067421967851125125e+15 2.334691370519462461e-01
1.077308633981133500e+15 2.335255158503204420e-01
1.087286872301060625e+15 2.339867888891985492e-01
1.097357530970021250e+15 2.344523343270599192e-01
1.107521466002941500e+15 2.341630366358279092e-01
1.117779541343316625e+15 2.325669174690179752e-01
1.128132628936653750e+15 2.309560147416469811e-01
1.138581608804583750e+15 2.295265330077677080e-01
1.149127369119670250e+15 2.285158448801974385e-01
1.159770806280901000e+15 2.274957955661610631e-01
1.170512824989878000e+15 2.270805229888437637e-01
1.181354338327723500e+15 2.278506295080943711e-01
1.192296267832691000e+15 2.286278689010064757e-01
1.203339543578499500e+15 2.292385378396727125e-01
1.214485104253391500e+15 2.296406731794904954e-01
1.225733897239911500e+15 2.300465331736282759e-01
1.237086878695447000e+15 2.294276089836977395e-01
1.248545013633493250e+15 2.282002887905610622e-01
1.260109276005691000e+15 2.269616009233933196e-01
1.271780648784607000e+15 2.284163706159232921e-01
1.283560124047282250e+15 2.302359325959551506e-01
1.295448703059567750e+15 2.312777685504272263e-01
1.307447396361226750e+15 2.292755291194988054e-01
1.319557223851843750e+15 2.272547445645588249e-01
1.331779214877496250e+15 2.253873140995805713e-01
1.344114408318273000e+15 2.236209914927007880e-01
1.356563852676560250e+15 2.218755331226020810e-01
1.369128606166174000e+15 2.209830194786488733e-01
1.381809736802316500e+15 2.200822392028666252e-01
1.394608322492339750e+15 2.193394355759284153e-01
1.407525451127390750e+15 2.187277396092699722e-01
1.420562220674864250e+15 2.182128234321849269e-01
1.433719739271737500e+15 2.185243632985257034e-01
1.446999125318773750e+15 2.188387887066086668e-01
1.460401507575565000e+15 2.189253751127783476e-01
1.473928025256503250e+15 2.189253751127783476e-01
1.487579828127592250e+15 2.189253751127783476e-01
1.501358076604187500e+15 2.189253751127783476e-01
1.515263941849643000e+15 2.189807923785098143e-01
1.529298605874839250e+15 2.194871674772264636e-01
1.543463261638678750e+15 2.199982327188186593e-01
1.557759113149468750e+15 2.205140315442852827e-01
1.572187375567271250e+15 2.210346077969841672e-01
1.586749275307201500e+15 2.212010327394176024e-01
1.601446050143654250e+15 2.212010327394176024e-01
1.616278949315539250e+15 2.212010327394176024e-01
1.631249233632445500e+15 2.212010327394176024e-01
1.646358175581822000e+15 2.208134317183047257e-01
1.661607059437149750e+15 2.199021885861081049e-01
1.676997181367081000e+15 2.179805100818717478e-01
1.692529849545644500e+15 2.142677039941108530e-01
1.708206384263416500e+15 2.117190539785556436e-01
1.724028118039756250e+15 2.115406623728570967e-01
1.739996395736082000e+15 2.116218496706835928e-01
1.756112574670162000e+15 2.122033264829556176e-01
1.772378024731514250e+15 2.125606451882717518e-01
1.788794128497825000e+15 2.125606451882717518e-01
1.805362281352479000e+15 2.127367685703387412e-01
1.822083891603179000e+15 2.131138441733865796e-01
1.838960380601628250e+15 2.132829194029010056e-01
1.855993182864375750e+15 2.133021240551100928e-01
1.873183746194725750e+15 2.135905700962743015e-01
1.890533531805812000e+15 2.139818111773643949e-01
1.908044014444816750e+15 2.148065011913482258e-01
1.925716682518295000e+15 2.156308481016699918e-01
1.943553038218724500e+15 2.160531721006829220e-01
1.961554597652164750e+15 2.164722789541455306e-01
1.979722890967137750e+15 2.168819775450935294e-01
1.998059462484707250e+15 2.163788219157247728e-01
2.016565870829715750e+15 2.152937817219853500e-01
2.035243689063304000e+15 2.107416521037457358e-01
2.054094504816593000e+15 2.068063213548551604e-01
2.073119920425646750e+15 2.063558431440676577e-01
2.092321553067683750e+15 2.061603581133488738e-01
2.111701034898510000e+15 2.061603581133488738e-01
2.131260013191287750e+15 2.065947969883652480e-01
2.151000150476525000e+15 2.069070582720898832e-01
2.170923124683403500e+15 2.069070582720898832e-01
2.191030629282421000e+15 2.076195976222738326e-01
2.211324373429303250e+15 2.084476427429495238e-01
2.231806082110320750e+15 2.087016693525346744e-01
2.252477496288882500e+15 2.087915872441504783e-01
2.273340373053534000e+15 2.087915872441504783e-01
2.294396485767324000e+15 2.087915872441504783e-01
2.315647624218508500e+15 2.086391521503185020e-01
2.337095594772725500e+15 2.084360157399881008e-01
2.358742220526500000e+15 2.084360157399881008e-01
2.380589341462226000e+15 2.084186641060085388e-01
2.402638814604581000e+15 2.084004585895718464e-01
2.424892514178339500e+15 2.084004585895718464e-01
2.447352331767723000e+15 2.084004585895718464e-01
2.470020176477154000e+15 2.081701719995951161e-01
2.492897975093543000e+15 2.076875634590329700e-01
2.515987672250086000e+15 2.076615295982117138e-01
2.539291230591520000e+15 2.076537584308308926e-01
2.562810630940996000e+15 2.075591081406679417e-01
2.586547872468409500e+15 2.072907965538605679e-01
2.610504972860350500e+15 2.069936660222806701e-01
2.634683968491622500e+15 2.069070582720898832e-01
2.659086914598301000e+15 2.069070582720898832e-01
2.683715885452471500e+15 2.068323341419424644e-01
2.708572974538508500e+15 2.062437752769506194e-01
2.733660294731036000e+15 2.061603581133488738e-01
2.758979978474546000e+15 2.061603581133488738e-01
2.784534177964614000e+15 2.060547535348629944e-01
2.810325065330886000e+15 2.057598759543472489e-01
2.836354832821670000e+15 2.054370389446547041e-01
2.862625692990296500e+15 2.054136579546078922e-01
2.889139878883204000e+15 2.047150031051995500e-01
2.915899644229712000e+15 2.035850252180270159e-01
2.942907263633634500e+15 2.025329066110287957e-01
2.970165032766581000e+15 2.017329264893654162e-01
2.997675268563111500e+15 2.004987885307698281e-01
3.025440309417694500e+15 1.998100706798202342e-01
3.053462515383430500e+15 1.988510703738516905e-01
3.081744268372704500e+15 1.980934244315076809e-01
3.110287972359614500e+15 1.971848756029027649e-01
3.139096053584322500e+15 1.961587485453238078e-01
3.168170960759303500e+15 1.955664402030800886e-01
3.197515165277477000e+15 1.954274795094483874e-01
3.227131161422260500e+15 1.952872317353325504e-01
3.257021466579608500e+15 1.951456849595473719e-01
3.287188621451985500e+15 1.950028271504912480e-01
3.317635190274312500e+15 1.948586461651237445e-01
3.348363761031986000e+15 1.947131297479329781e-01
3.379376945680775500e+15 1.945662655298944499e-01
3.410677380368899500e+15 1.944180410274192750e-01
3.442267725661082000e+15 1.942684436412932258e-01
3.474150666764693500e+15 1.941291657113460578e-01
3.506328913758049500e+15 1.940493468728553828e-01
3.538805201820686500e+15 1.939687887370382391e-01
3.571582291465910000e+15 1.938874844563815980e-01
3.604662968775427000e+15 1.938054271199494416e-01
3.638050045636151000e+15 1.937226097527954272e-01
3.671746359979273000e+15 1.936390253153697227e-01
3.705754776021401500e+15 1.935546667029210410e-01
3.740078184508078000e+15 1.934695267448924560e-01
3.774719502959485500e+15 1.933835982043119739e-01
3.809681675918416500e+15 1.932997333311013699e-01
3.844967675200631500e+15 1.932161841769113320e-01
3.880580500147367500e+15 1.931318611744984037e-01
3.916523177880348000e+15 1.930467571563325435e-01
3.952798763559077500e+15 1.929608648884966471e-01
3.989410340640514000e+15 1.928741770700717895e-01
4.026361021141232500e+15 1.927866863325163604e-01
4.063653945901850000e+15 1.926983852390401208e-01
4.101292284854065500e+15 1.925958140678531161e-01
4.139279237290092000e+15 1.921889227713852177e-01
4.177618032134580000e+15 1.917782627700186371e-01
4.216311928219147500e+15 1.913637991572884889e-01
4.255364214559283500e+15 1.909454967034200368e-01
4.294778210633982500e+15 1.905233198523335336e-01
4.334557266667889000e+15 1.900972327186219168e-01
4.374704763916047000e+15 1.896671990845009703e-01
4.415224114951387500e+15 1.892336183387116622e-01
4.456118763954689500e+15 1.888924108559890958e-01
4.497392187007408000e+15 1.885480430443953193e-01
4.539047892387129000e+15 1.882004856323607755e-01
4.581089420865760000e+15 1.878497090771971689e-01
4.623520346010565000e+15 1.874956835625856966e-01
4.666344274487819000e+15 1.871383789960436028e-01
4.709564846369445000e+15 1.867777650063656425e-01
4.753185735442409000e+15 1.863598595449497131e-01
4.797210649520971000e+15 1.858882935672240277e-01
4.841643330761936000e+15 1.854123598553494567e-01
4.886487555982622000e+15 1.849320179545383136e-01
4.931747136981969000e+15 1.844472270353027521e-01
4.977425920864525000e+15 1.839579458899844866e-01
5.023527790367437000e+15 1.834641329292521217e-01
5.070056664190565000e+15 1.827054962622554346e-01
5.117016497329455000e+15 1.816994904543413614e-01
5.164411281411599000e+15 1.806841668285002755e-01
5.212245045035700000e+15 1.796594390813230357e-01
5.260521854114096000e+15 1.786252201100421433e-01
5.309245812218443000e+15 1.775814220051263326e-01
5.358421060928397000e+15 1.765279560428109074e-01
5.408051780183738000e+15 1.756869800628484135e-01
5.458142188639647000e+15 1.748511141197805485e-01
5.508696544025271000e+15 1.740075062267088246e-01
5.559719143505726000e+15 1.731560846762128791e-01
5.611214324047226000e+15 1.722967770967057666e-01
5.663186462785812000e+15 1.714295104462806585e-01
5.715639977399402000e+15 1.710663888222550555e-01
5.768579326483260000e+15 1.708753819832583565e-01
5.822009009929088000e+15 1.706826060024389247e-01
5.875933569307367000e+15 1.704880444936674733e-01
5.930357588253500000e+15 1.702916809190430369e-01
5.985285692857396000e+15 1.700934985874875127e-01
6.040722552056665000e+15 1.697226224216474288e-01
6.096672878033584000e+15 1.693251897990392107e-01
6.153141426615489000e+15 1.689240760795759078e-01
6.210132997679121000e+15 1.685192471682354087e-01
6.267652435558597000e+15 1.681106686542009898e-01
6.325704629457154000e+15 1.677400341116532523e-01
6.384294513862843000e+15 1.674559732247133392e-01
6.443427068967805000e+15 1.671692813115866483e-01
6.503107321091702000e+15 1.668799340032061373e-01
6.563340343108926000e+15 1.665879067047937867e-01
6.624131254879773000e+15 1.662876826172064448e-01
6.685485223685747000e+15 1.657757713094547281e-01
6.747407464668615000e+15 1.652591185814022146e-01
6.809903241273811000e+15 1.647376805171084924e-01
6.872977865697809000e+15 1.642114127938753554e-01
6.936636699339630000e+15 1.636802706784795669e-01
7.000885153256683000e+15 1.632152028534471777e-01
7.065728688624538000e+15 1.627472878173039927e-01
7.131172817201244000e+15 1.622750388627303697e-01
7.197223101795811000e+15 1.617984158481460544e-01
7.263885156741010000e+15 1.613185740020334769e-01
7.331164648370732000e+15 1.608406667809535173e-01
7.399067295501439000e+15 1.603583330919177985e-01
7.467598869918397000e+15 1.598715319361347642e-01
7.536765196866248000e+15 1.593802219350741456e-01
7.606572155544131000e+15 1.588843613269500799e-01
7.677025679605546000e+15 1.583839079631703672e-01
7.748131757662527000e+15 1.578788193047552524e-01
7.819896433794812000e+15 1.573690524187204842e-01
7.892325808063558000e+15 1.568630126619184884e-01
7.965426037029821000e+15 1.564179380323268975e-01
8.039203334278000000e+15 1.559687410365123428e-01
8.113663970943799000e+15 1.555153834923317657e-01
8.188814276247414000e+15 1.550578268639915547e-01
8.264660638031486000e+15 1.545297678578372580e-01
8.341209503304040000e+15 1.539860173836129498e-01
8.418467378786625000e+15 1.534372305886468058e-01
8.496440831467183000e+15 1.528833608255745491e-01
8.575136489158388000e+15 1.523243610149747629e-01
8.654561041060982000e+15 1.517601836413674521e-01
8.734721238332321000e+15 1.511907807491754963e-01
8.815623894660384000e+15 1.506161039386472167e-01
8.897275886842714000e+15 1.501042919832000222e-01
8.979684155371112000e+15 1.496025448599798413e-01
9.062855705021532000e+15 1.490961504590771758e-01
9.146797605449464000e+15 1.485836880943620653e-01
9.231516991791014000e+15 1.479818998596809654e-01
9.317021065269166000e+15 1.473745377474365015e-01
9.403317093806042000e+15 1.467615501313101201e-01
9.490412412640652000e+15 1.461762731935447590e-01
9.578314424952344000e+15 1.456509881577005838e-01
9.667030602490254000e+15 1.451208378315315684e-01
9.756568486208160000e+15 1.445857771517897183e-01
9.846935686905638000e+15 1.439659603541946498e-01
9.938139885874940000e+15 1.433181084720768494e-01
1.003018883555387600e+16 1.426642560620958178e-01
1.012309036018493600e+16 1.420755393299418523e-01
1.021685235648011600e+16 1.416209537628421722e-01
1.031148279429231200e+16 1.411621577374000125e-01
1.040698971729271000e+16 1.406990009189513779e-01
1.050338124365448200e+16 1.401338524661095153e-01
1.060066556674299200e+16 1.395634695003611647e-01
1.069885095581199200e+16 1.389878035386482857e-01
1.079794575670668800e+16 1.384836287361419505e-01
1.089795839257309400e+16 1.379987382411770602e-01
1.099889736457396800e+16 1.375093565978402210e-01
1.110077125261159600e+16 1.368729897899989834e-01
1.120358871605682000e+16 1.361426452668264564e-01
1.130735849448527800e+16 1.354055361531939505e-01
1.141208940842022400e+16 1.348016046732113671e-01
1.151779036008224000e+16 1.343010534467710959e-01
1.162447033414610600e+16 1.337958660192725135e-01
1.173213839850424400e+16 1.332788038620869031e-01
1.184080370503767400e+16 1.327519626903284899e-01
1.195047549039388400e+16 1.322202418150174030e-01
1.206116307677190400e+16 1.316835960394076022e-01
1.217287587271490200e+16 1.311419797481314931e-01
1.228562337390962000e+16 1.305953469033238890e-01
1.239941516399371800e+16 1.299417944538305836e-01
1.251426091537033000e+16 1.292684479351505489e-01
1.263017039003019400e+16 1.286244272923957044e-01
1.274715344038161800e+16 1.282023487619547153e-01
1.286522001008764200e+16 1.277763608595532396e-01
1.298438013491147200e+16 1.272786841621149356e-01
1.310464394356945800e+16 1.266956100615140024e-01
1.322602165859201200e+16 1.261071354172339509e-01
1.334852359719273000e+16 1.255248690657733424e-01
1.347216017214505000e+16 1.249393829537547712e-01
1.359694189266756600e+16 1.242621405574865640e-01
1.372287936531725200e+16 1.233675673952057267e-01
1.384998329489098800e+16 1.224647085254443601e-01
1.397826448533570000e+16 1.217844564352049269e-01
1.410773384066635400e+16 1.211567511533150898e-01
1.423840236589305000e+16 1.204700108130524611e-01
1.437028116795639400e+16 1.196819291816184905e-01
1.450338145667153200e+16 1.188865481876011515e-01
1.463771454568124000e+16 1.182316782641499170e-01
1.477329185341723600e+16 1.175743598434862563e-01
1.491012490407099200e+16 1.169208984038272725e-01
1.504822532857324400e+16 1.162669181343065211e-01
1.518760486558256800e+16 1.155444646151938398e-01
1.532827536248341800e+16 1.147038455546794539e-01
1.547024877639280800e+16 1.138772799954604481e-01
1.561353717517691000e+16 1.131987318592489328e-01
1.575815273847678000e+16 1.125138988806059087e-01
1.590410775874356400e+16 1.118073765643483874e-01
1.605141464228364600e+16 1.110931897313276323e-01
1.620008591031278200e+16 1.103855489247428240e-01
1.635013420002069000e+16 1.096749890455970405e-01
1.650157226564515400e+16 1.089578478251428395e-01
1.665441297955607200e+16 1.082340643057404378e-01
1.680866933334989800e+16 1.074929119247060305e-01
1.696435443895352800e+16 1.067381050219498445e-01
1.712148152973909600e+16 1.060904624573458660e-01
1.728006396164876400e+16 1.055182920479308534e-01
1.744011521432989600e+16 1.048333532445400174e-01
1.760164889228114600e+16 1.040684038345437157e-01
1.776467872600842200e+16 1.035438456910078991e-01
1.792921857319227000e+16 1.031542530666693658e-01
1.809528241986571200e+16 1.026125153230640907e-01
1.826288438160301200e+16 1.020078021659306666e-01
1.843203870471980000e+16 1.014134038229462242e-01
1.860275976748358400e+16 1.008166858189340903e-01
1.877506208133619600e+16 1.003857546014190749e-01
1.894896029212722400e+16 9.992663222494760356e-02
1.912446918135882800e+16 9.931317942437795088e-02
1.930160366744248800e+16 9.875964244101739786e-02
1.948037880696665600e+16 9.831618683603139675e-02
1.966080979597683200e+16 9.788085619182317065e-02
1.984291197126720000e+16 9.744968000208319159e-02
2.002670081168418800e+16 9.699658042307965355e-02
2.021219193944248000e+16 9.650688347503971753e-02
2.039940112145248000e+16 9.585253486911332610e-02
2.058834427066078000e+16 9.529353861193931574e-02
2.077903744740274400e+16 9.484202090092951065e-02
2.097149686076753200e+16 9.436853616033089032e-02
2.116573886997624800e+16 9.389084346379016066e-02
2.136177998577196400e+16 9.342666305953969963e-02
2.155963687182348800e+16 9.295818332773263248e-02
2.175932634614172800e+16 9.248536444717600502e-02
2.196086538250911600e+16 9.198550041809371025e-02
2.216427111192277600e+16 9.149099095705263973e-02
2.236956082405012400e+16 9.100491199766214123e-02
2.257675196869887200e+16 9.030439760467583177e-02
2.278586215730018000e+16 8.965462084949409050e-02
2.299690916440556000e+16 8.913111417812186188e-02
2.320991092919808800e+16 8.841134378150780626e-02
2.342488555701670400e+16 8.764999738046751199e-02
2.364185132089554400e+16 8.686717807032912075e-02
2.386082666311708000e+16 8.633610766824559302e-02
2.408183019677962800e+16 8.579991535573538997e-02
2.430488070737987200e+16 8.522164731830307594e-02
2.452999715440904800e+16 8.440942008662517815e-02
2.475719867296494000e+16 8.360761063820362771e-02
2.498650457537824400e+16 8.288026511088479598e-02
2.521793435285405200e+16 8.230619853621748416e-02
2.545150767712903600e+16 8.150082025898190696e-02
2.568724440214293200e+16 8.085431625661280985e-02
2.592516456572656800e+16 8.029559713572040347e-02
2.616528839130499200e+16 7.967289058877045915e-02
2.640763628961634800e+16 7.909690341637749811e-02
2.665222886044728400e+16 7.849949989740549749e-02
2.689908689438327200e+16 7.790824467721414737e-02
2.714823137457625600e+16 7.735564359258592648e-02
2.739968347852816400e+16 7.687366856466275322e-02
2.765346457989085200e+16 7.638722939198015760e-02
2.790959625028349200e+16 7.605653164071735084e-02
2.816810026112491200e+16 7.572080719206558674e-02
2.842899858548578000e+16 7.521547192672360660e-02
2.869231339995508000e+16 7.468106984539320259e-02
2.895806708652559200e+16 7.417106791015401490e-02
2.922628223449687200e+16 7.387327030294325858e-02
2.949698164239404000e+16 7.347710749705349542e-02
2.977018831990735200e+16 7.296999245060255268e-02
3.004592548984673600e+16 7.253925245953526946e-02
3.032421659011619200e+16 7.226362099701098829e-02
3.060508527570660000e+16 7.172526124398986846e-02
3.088855542070496800e+16 7.118191510011703804e-02
3.117465112032556800e+16 7.072465195738235344e-02
3.146339669295662800e+16 7.015937886758992492e-02
3.175481668222792400e+16 6.961481324902080159e-02
3.204893585909756400e+16 6.908090139914355166e-02
3.234577922395605200e+16 6.854204435574298704e-02
3.264537200875323600e+16 6.799819631549147703e-02
3.294773967914155200e+16 6.744931105082323242e-02
3.325290793664118000e+16 6.689534190600389396e-02
3.356090272082522400e+16 6.633624179316381653e-02
3.387175021152312400e+16 6.577196318829822697e-02
3.418547683104784400e+16 6.520245812722423595e-02
3.450210924644032800e+16 6.462767820150647213e-02
3.482167437173672400e+16 6.414139110146990785e-02
3.514419937025670400e+16 6.378501399315988918e-02
3.546971165691078400e+16 6.342533605200961766e-02
3.579823890053262800e+16 6.306232670507443128e-02
3.612980902622934400e+16 6.269595509623784868e-02
3.646445021775571200e+16 6.232619008358814688e-02
3.680219091991044000e+16 6.195300023677061813e-02
3.714305984095231200e+16 6.157635383431778880e-02
3.748708595504258400e+16 6.119621886095066854e-02
3.783429850470608000e+16 6.081256300485939070e-02
3.818472700331751200e+16 6.053317467118768391e-02
3.853840123761070400e+16 6.025403484486292066e-02
3.889535127020880000e+16 5.997230957215490127e-02
3.925560744218180800e+16 5.968797490616505746e-02
3.961920037562389600e+16 5.940100667819457614e-02
3.998616097625689600e+16 5.911138049568955000e-02
4.035652043605801600e+16 5.881907174016704626e-02
4.073031023590934400e+16 5.852405556512396689e-02
4.110756214827607200e+16 5.821132064443055448e-02
4.148830823990536000e+16 5.785929877224083723e-02
4.187258087455272800e+16 5.750401640623942906e-02
4.226041271573363200e+16 5.714544334710947027e-02
4.265183672949808000e+16 5.678354911582335351e-02
4.304688618723509600e+16 5.641830295104979104e-02
4.344559466849899200e+16 5.604967380654082842e-02
4.384799606386435200e+16 5.567763034849217141e-02
4.425412457780738400e+16 5.526027268015746424e-02
4.466401473161148800e+16 5.471585387451400467e-02
4.507770136630401600e+16 5.416639255791549229e-02
4.549521964561585600e+16 5.361184202566265239e-02
4.591660505897108000e+16 5.305215514046836278e-02
4.634189342450432800e+16 5.248728432844997072e-02
4.677112089210334400e+16 5.191718157508813658e-02
4.720432394648432800e+16 5.134179842114219156e-02
4.764153941029117600e+16 5.104766195124350869e-02
4.808280444722608000e+16 5.083621141538031962e-02
4.852815656520939200e+16 5.062280238426945106e-02
4.897763361956555200e+16 5.040741671795426898e-02
4.943127381624364800e+16 5.019003610846171221e-02
4.988911571506278400e+16 4.997064207824714749e-02
5.035119823299044000e+16 4.974921597862342476e-02
5.081756064745133600e+16 4.936136602303801968e-02
5.128824259966373600e+16 4.892088623969165911e-02
5.176328409801189600e+16 4.847632664846581591e-02
5.224272552144452800e+16 4.802764946140092306e-02
5.272660762290809600e+16 4.757481654053789810e-02
5.321497153281062400e+16 4.711778939467662491e-02
5.370785876251764800e+16 4.668671766271436513e-02
5.420531120788150400e+16 4.637654962434949180e-02
5.470737115280129600e+16 4.606350875037520248e-02
5.521408127281788000e+16 4.574756843203941353e-02
5.572548463874113600e+16 4.542870181413468517e-02
5.624162472031076000e+16 4.510688179271567927e-02
5.676254538989217600e+16 4.478208101279469028e-02
5.728829092620436000e+16 4.452923249487901469e-02
5.781890601808445600e+16 4.427436788203795853e-02
5.835443576828616000e+16 4.401714266447693397e-02
5.889492569731323200e+16 4.375753497782428753e-02
5.944042174728976800e+16 4.349552275519604633e-02
5.999097028586387200e+16 4.320931861802521090e-02
6.054661811014989600e+16 4.277578173127728062e-02
6.110741245070598400e+16 4.233822934308436453e-02
6.167340097554850400e+16 4.189662426110536686e-02
6.224463179420485600e+16 4.145092894851602067e-02
6.282115346180128800e+16 4.100110552081944609e-02
6.340301498319116800e+16 4.071805171715228711e-02
6.399026581712017600e+16 4.056311304075789492e-02
6.458295588043007200e+16 4.040673929275152843e-02
6.518113555230272800e+16 4.024891718122569628e-02
6.578485567854084800e+16 4.008963329116093516e-02
6.639416757589091200e+16 3.987413634217788772e-02
6.700912303640491200e+16 3.951219807137040102e-02
6.762977433184244000e+16 3.914690745917333986e-02
6.825617421811494400e+16 3.877823345556016821e-02
6.888837593976837600e+16 3.840614472291357245e-02
6.952643323451009600e+16 3.806082289301244287e-02
7.017040033777640800e+16 3.781395594881081096e-02
7.082033198734224000e+16 3.756480247582370813e-02
7.147628342797516800e+16 3.731334129578460501e-02
7.213831041612948800e+16 3.705955103427013841e-02
7.280646922468665600e+16 3.682284969779422296e-02
7.348081664773836800e+16 3.661223735783582928e-02
7.416141000541369600e+16 3.639967428616060902e-02
7.484830714875264000e+16 3.618514241471864484e-02
7.554156646462166400e+16 3.596862350811057263e-02
7.624124688067779200e+16 3.565625986411938286e-02
7.694740787037734400e+16 3.531628098379819419e-02
7.766010945803075200e+16 3.497315315415607667e-02
7.837941222390612800e+16 3.462684720902266949e-02
7.910537730937654400e+16 3.438924031974191498e-02
7.983806642211851200e+16 3.434545626784960698e-02
8.057754184135683200e+16 3.430126667970648940e-02
8.132386642315801600e+16 3.425666779915837595e-02
8.207710360577452800e+16 3.417851463487615871e-02
8.283731741503496000e+16 3.383136947095011920e-02
8.360457246978777600e+16 3.348100898221555155e-02
8.437893398739347200e+16 3.312740338772002247e-02
8.516046778926792000e+16 3.277388853234878413e-02
8.594924030647849600e+16 3.261380575244780117e-02
8.674531858538881600e+16 3.245224025526564221e-02
8.754877029335904000e+16 3.228917830759166219e-02
8.835966372449736000e+16 3.212095573043270008e-02
8.917806780546465600e+16 3.190410744602976273e-02
9.000405210133483200e+16 3.168525067140137014e-02
9.083768682150564800e+16 3.146436680352756449e-02
9.167904282566811200e+16 3.122801285623445777e-02
9.252819162982924800e+16 3.095227484933649881e-02
9.338520541239056000e+16 3.067398290435639080e-02
9.425015702028486400e+16 3.039311336623159651e-02
9.512311997516604800e+16 3.024671183161958474e-02
9.600416847965995200e+16 3.019505550683802830e-02
9.689337742367132800e+16 3.014292073131065453e-02
9.779082239074913600e+16 3.009270831645981595e-02
9.869657966451280000e+16 3.011415457153655828e-02
9.961072623513393600e+16 3.013579946592378003e-02
1.005333398058823360e+17 3.015764483945670982e-02
1.014644987997302720e+17 2.992885992856454333e-02
1.024042823660180800e+17 2.952196768350878395e-02
1.033527703871837760e+17 2.911130672476797479e-02
1.043100434855504320e+17 2.878388355526015699e-02
1.052761830301809280e+17 2.871416631708359132e-02
1.062512711437939360e+17 2.864380334453194704e-02
1.072353907097439680e+17 2.857029864066196884e-02
1.082286253790683680e+17 2.830824628394662881e-02
1.092310595775950080e+17 2.804376674825478574e-02
1.102427785131203680e+17 2.777683755259119369e-02
1.112638681826517600e+17 2.752745761004604316e-02
1.122944153797168000e+17 2.727879985880384689e-02
1.133345077017426720e+17 2.702783899197912579e-02
1.143842335574993280e+17 2.688825939199138496e-02
1.154436821746160320e+17 2.677358367254817698e-02
1.165129436071654400e+17 2.665784580468990791e-02
1.175921087433177280e+17 2.638834022094597304e-02
1.186812693130680960e+17 2.608747060144818788e-02
1.197805178960310560e+17 2.578381427007241447e-02
1.208899479293116640e+17 2.585732450589885503e-02
1.220096537154472800e+17 2.595201045305343263e-02
1.231397304304228960e+17 2.598645453407306613e-02
1.242802741317631200e+17 2.561609395010185780e-02
1.254313817666942560e+17 2.524230301566782533e-02
1.265931511803867520e+17 2.504331063490905160e-02
1.277656811242717760e+17 2.512792113431496291e-02
1.289490712644345760e+17 2.521331531232584577e-02
1.301434221900882880e+17 2.501435224688246250e-02
1.313488354221209600e+17 2.469496015507624889e-02
1.325654134217270240e+17 2.439746370686072738e-02
1.337932595991160960e+17 2.433931854351940524e-02
1.350324783223023040e+17 2.428063482857027375e-02
1.362831749259779520e+17 2.415562837489127965e-02
1.375454557204636800e+17 2.397345442024061482e-02
1.388194280007472320e+17 2.379028123234465733e-02
1.401052000556029440e+17 2.361921419588001655e-02
1.414028811767960000e+17 2.344656270385212307e-02
1.427125816683743840e+17 2.320551496608681818e-02
1.440344128560416000e+17 2.291936245245054446e-02
1.453684870966216320e+17 2.272925540441928655e-02
1.467149177876088320e+17 2.287651244857941135e-02
1.480738193768061440e+17 2.302513341560666338e-02
1.494453073720558720e+17 2.307144732860114122e-02
1.508294983510539840e+17 2.310578248558334616e-02
1.522265099712621440e+17 2.285166574258747779e-02
1.536364609799077760e+17 2.240971979046561466e-02
1.550594712240772800e+17 2.207968175962180327e-02
1.564956616609054400e+17 2.194203965700776415e-02
1.579451543678532160e+17 2.185095695250843795e-02
1.594080725530871360e+17 2.197466605153576905e-02
1.608845405659511040e+17 2.208475991855596982e-02
1.623746839075358080e+17 2.177897238460100096e-02
1.638786292413490240e+17 2.147035258810494132e-02
1.653965044040780800e+17 2.139722498426809005e-02
1.669284384164588480e+17 2.134195232256745622e-02
1.684745614942418240e+17 2.141549702726026558e-02
1.700350050592600320e+17 2.151050546314622891e-02
1.716099017506026240e+17 2.120888525105494096e-02
1.731993854358853120e+17 2.082536333188018257e-02
1.748035912226319040e+17 2.058654807679350177e-02
1.764226554697578560e+17 2.037296330436429506e-02
1.780567157991602560e+17 2.033130995196051269e-02
1.797059111074186880e+17 2.031085562858226182e-02
1.813703815775971200e+17 2.046686176670747120e-02
1.830502686911626880e+17 2.057855158601296780e-02
1.847457152400107520e+17 2.012931790797455392e-02
1.864568653386018240e+17 1.977110274195943707e-02
1.881838644362143360e+17 1.973021136384132262e-02
1.899268593293033920e+17 1.970577276067918965e-02
1.916859981739816640e+17 1.970577276067918965e-02
1.934614304986120640e+17 1.977224944093293121e-02
1.952533072165169920e+17 1.988134880734714754e-02
1.970617806388092480e+17 1.980583883773891218e-02
1.988870044873336960e+17 1.969415998749292351e-02
2.007291339077373440e+17 1.956123076803585603e-02
2.025883254826556160e+17 1.941767007989696203e-02
2.044647372450214720e+17 1.925899462499484904e-02
2.063585286915015360e+17 1.921508408493510442e-02
2.082698607960485120e+17 1.920076805139090889e-02
2.101988960235875200e+17 1.899196745551929091e-02
2.121457983438247040e+17 1.892576811535161968e-02
2.141107332451841600e+17 1.904540422125188676e-02
2.160938677488780480e+17 1.886865400057075037e-02
2.180953704230981120e+17 1.872413961853666015e-02
2.201154113973479360e+17 1.886762943171547274e-02
2.221541623769028800e+17 1.899980065989447311e-02
2.242117966574046080e+17 1.908251965279720089e-02
2.262884891395947520e+17 1.890690781166919077e-02
2.283844163441762880e+17 1.876254169852348969e-02
2.304997564268216320e+17 1.866363458662480268e-02
2.326346891933150080e+17 1.874066363330847626e-02
2.347893961148351680e+17 1.873497514716328249e-02
2.369640603433845440e+17 1.868493467587859294e-02
2.391588667273513920e+17 1.863049202823643946e-02
2.413740018272262080e+17 1.851611130866679181e-02
2.436096539314581120e+17 1.842044881564028000e-02
2.458660130724590400e+17 1.839500814422677724e-02
2.481432710427603200e+17 1.849855682793612871e-02
2.504416214113092800e+17 1.846849269165731777e-02
2.527612595399268800e+17 1.834641745453097911e-02
2.551023825999126080e+17 1.828834539005512808e-02
2.574651895888030080e+17 1.833240822412900498e-02
2.598498813472911360e+17 1.836171247494538736e-02
2.622566605762916160e+17 1.836171247494538736e-02
2.646857318541747520e+17 1.836171247494538736e-02
2.671373016541547840e+17 1.841966956806095554e-02
2.696115783618392320e+17 1.848032644911555555e-02
2.721087722929461120e+17 1.848673534283396674e-02
2.746290957111746560e+17 1.839834316947455348e-02
2.771727628462520000e+17 1.830656685802778752e-02
2.797399899121418240e+17 1.859244744176351619e-02
2.823309951254218880e+17 1.871728397910776831e-02
2.849459987238369920e+17 1.873246475437043840e-02
2.875852229850124480e+17 1.877502477933195094e-02
2.902488922453525120e+17 1.884109767215534290e-02
2.929372329191082240e+17 1.890778254473112971e-02
2.956504735176213120e+17 1.917780139878439566e-02
2.983888446687527680e+17 1.924067349432810950e-02
3.011525791364794240e+17 1.943689943056318287e-02
3.039419118406837120e+17 1.965243703505483580e-02
3.067570798771207680e+17 1.977818187580445905e-02
3.095983225375706240e+17 2.016819212714701312e-02
3.124658813301834880e+17 2.045269883897110619e-02
3.153600000000000000e+17 2.077248727316633251e-02
