Time [s]                 Flux [W m-2]
3.153600000000000000e+13 1.454643093524285007e+02
3.182809245496755859e+13 1.438240534201632954e+02
3.212289032603883594e+13 1.422022930180756077e+02
3.242041867129461719e+13 1.405988195905181897e+02
3.272070278090815234e+13 1.390134269335190993e+02
3.302376817929536719e+13 1.374459111682616310e+02
3.332964062728401172e+13 1.358960707148681308e+02
3.363834612430353906e+13 1.343637062664761572e+02
3.394991091059527344e+13 1.328486207636071299e+02
3.426436146944241406e+13 1.313506193688266706e+02
3.458172452942165625e+13 1.298695094416868017e+02
3.490202706667465625e+13 1.284051005139545509e+02
3.522529630720125781e+13 1.269572042651173405e+02
3.555155972917392188e+13 1.255256344981641234e+02
3.588084506527292188e+13 1.241102071156431776e+02
3.621318030504416406e+13 1.227107400959848604e+02
3.654859369727790625e+13 1.213270534700961463e+02
3.688711375241004688e+13 1.199589692982159761e+02
3.722876924494585938e+13 1.186063116470315464e+02
3.757358921590521875e+13 1.172689065670558506e+02
3.792160297529182812e+13 1.159465820702554169e+02
3.827284010458400781e+13 1.146391681079353475e+02
3.862733045924935156e+13 1.133464965488701353e+02
3.898510417128275000e+13 1.120684011576815777e+02
3.934619165176707031e+13 1.108047175734632219e+02
3.971062359345874219e+13 1.095552832886414620e+02
4.007843097339614844e+13 1.083199376280793302e+02
4.044964505553289844e+13 1.070985217284131181e+02
4.082429739339555469e+13 1.058908785176221272e+02
4.120241983276517188e+13 1.046968526948310654e+02
4.158404451438478906e+13 1.035162907103367615e+02
4.196920387669094531e+13 1.023490407458636895e+02
4.235793065857114062e+13 1.011949526950395892e+02
4.275025790214697656e+13 1.000538781440912288e+02
4.314621895558214844e+13 9.892567035276053389e+01
4.354584747591775781e+13 9.781018423543191886e+01
4.394917743193258594e+13 9.670727634247637639e+01
4.435624310703073438e+13 9.561680484180322992e+01
4.476707910215600000e+13 9.453862950062017489e+01
4.518172033873238281e+13 9.347261166740111094e+01
4.560020206163313281e+13 9.241861425405404873e+01
4.602255984217597656e+13 9.137650171829329793e+01
4.644882958114697656e+13 9.034614004620844696e+01
4.687904751185242969e+13 8.932739673502943845e+01
4.731325020319802344e+13 8.832014077608887703e+01
4.775147456279804688e+13 8.732424263797241792e+01
4.819375784011185938e+13 8.633957424986306251e+01
4.864013762961043750e+13 8.536600898507049351e+01
4.909065187397221094e+13 8.440342164474688502e+01
4.954533886730754688e+13 8.345168844178758150e+01
5.000423725841457812e+13 8.251068698491094722e+01
5.046738605406369531e+13 8.158029626292029945e+01
5.093482462231343750e+13 8.066039662914153041e+01
5.140659269585711719e+13 7.975086978603616217e+01
5.188273037539944531e+13 7.885159876998990569e+01
5.236327813306593750e+13 7.796246793626959004e+01
5.284827681584232031e+13 7.708336294415306611e+01
5.333776764904695312e+13 7.621417074222438259e+01
5.383179223983523438e+13 7.535477955383511528e+01
5.433039258073558594e+13 7.450507886273138070e+01
5.483361105321967188e+13 7.366495939884005395e+01
5.534149043130412500e+13 7.283431312421828352e+01
5.585407388518666406e+13 7.201303321915929700e+01
5.637140498491596875e+13 7.120101406845505210e+01
5.689352770409439844e+13 7.039815124781561906e+01
5.742048642361664844e+13 6.960434151043892825e+01
5.795232593544140625e+13 6.881948277373460598e+01
5.848909144639902344e+13 6.804347410619590164e+01
5.903082858203450781e+13 6.727621571441940773e+01
5.957758339048489844e+13 6.651760893027312704e+01
6.012940234639437500e+13 6.576755619820646359e+01
6.068633235486375781e+13 6.502596106270601695e+01
6.124842075543788281e+13 6.429272815589095558e+01
6.181571532612983594e+13 6.356776318524846658e+01
6.238826428748133594e+13 6.285097292150896919e+01
6.296611630666244531e+13 6.214226518665574872e+01
6.354932050160745312e+13 6.144154884207215872e+01
6.413792644519036719e+13 6.074873377682077091e+01
6.473198416943897656e+13 6.006373089605491344e+01
6.533154416978678125e+13 5.938645210956219245e+01
6.593665740936613281e+13 5.871681032043512261e+01
6.654737532333925781e+13 5.805471941387160939e+01
6.716374982327067969e+13 5.740009424610028788e+01
6.778583330154015625e+13 5.675285063343072522e+01
6.841367863579510156e+13 5.611290534142860054e+01
6.904733919344639844e+13 5.548017607421073905e+01
6.968686883620360156e+13 5.485458146386295653e+01
7.033232192465377344e+13 5.423604105997586089e+01
7.098375332288248438e+13 5.362447531929873890e+01
7.164121840313654688e+13 5.301980559551111583e+01
7.230477305053110938e+13 5.242195412910867702e+01
7.297447366780031250e+13 5.183084403740308943e+01
7.365037718009067188e+13 5.124639930463588655e+01
7.433254103980081250e+13 5.066854477220203279e+01
7.502102323146406250e+13 5.009720612898548353e+01
7.571588227667751562e+13 4.953230990180250615e+01
7.641717723907696875e+13 4.897378344595284716e+01
7.712496772935628125e+13 4.842155493587854664e+01
7.783931391033551562e+13 4.787555335592635686e+01
7.856027650207385938e+13 4.733570849121606727e+01
7.928791678703123438e+13 4.680195091861062906e+01
8.002229661527792188e+13 4.627421199778815719e+01
8.076347840975068750e+13 4.575242386241565384e+01
8.151152517156015625e+13 4.523651941142060906e+01
8.226650048534475000e+13 4.472643230036269557e+01
8.302846852467596875e+13 4.422209693290172794e+01
8.379749405751364062e+13 4.372344845236165867e+01
8.457364245171020312e+13 4.323042273339091679e+01
8.535697968056831250e+13 4.274295637371514545e+01
8.614757232844732812e+13 4.226098668598453401e+01
8.694548759642379688e+13 4.178445168971197177e+01
8.775079330800392188e+13 4.131329010330214402e+01
8.856355791488748438e+13 4.084744133617163442e+01
8.938385050278768750e+13 4.038684548095615412e+01
9.021174079730229688e+13 3.993144330580732770e+01
9.104729916984082812e+13 3.948117624677526294e+01
9.189059664360682812e+13 3.903598640027701805e+01
9.274170489963354688e+13 3.859581651565099492e+01
9.360069628287843750e+13 3.816060998779377655e+01
9.446764380837117188e+13 3.773031084988161865e+01
9.534262116742056250e+13 3.730486376617275113e+01
9.622570273387901562e+13 3.688421402489111500e+01
9.711696357046295312e+13 3.646830753119115798e+01
9.801647943513481250e+13 3.605709080020057655e+01
9.892432678754112500e+13 3.565051095014289473e+01
9.984058279551229688e+13 3.524851569553668895e+01
1.007653253416225625e+14 3.485105334047150194e+01
1.016986330298085156e+14 3.445807277196043827e+01
1.026405851920523594e+14 3.406952345336642196e+01
1.035912618951235625e+14 3.368535541790392074e+01
1.045507439473853438e+14 3.330551926221294678e+01
1.055191129056640156e+14 3.292996614000575306e+01
1.064964510821799844e+14 3.255864775578573500e+01
1.074828415515459844e+14 3.219151635863611460e+01
1.084783681578270625e+14 3.182852473607984223e+01
1.094831155216679688e+14 3.146962620800786326e+01
1.104971690474867500e+14 3.111477462067592370e+01
1.115206149307325312e+14 3.076392434076981885e+01
1.125535401652140469e+14 3.041703024953641332e+01
1.135960325504926719e+14 3.007404773698197076e+01
1.146481806993460781e+14 2.973493269613516787e+01
1.157100740453010469e+14 2.939964151737477138e+01
1.167818028502338906e+14 2.906813108282205604e+01
1.178634582120446094e+14 2.874035876079530993e+01
1.189551320723985625e+14 2.841628240032800790e+01
1.200569172245424375e+14 2.809586032574801351e+01
1.211689073211924062e+14 2.777905133131797299e+01
1.222911968824930000e+14 2.746581467593682646e+01
1.234238813040533906e+14 2.715611007789996734e+01
1.245670568650543125e+14 2.684989770971963807e+01
1.257208207364327188e+14 2.654713819300292599e+01
1.268852709891420312e+14 2.624779259338756177e+01
1.280605066024868438e+14 2.595182241553546731e+01
1.292466274725370000e+14 2.565918959818207057e+01
1.304437344206195312e+14 2.536985650924156133e+01
1.316519292018868594e+14 2.508378594096785363e+01
1.328713145139681094e+14 2.480094110516925809e+01
1.341019940056966562e+14 2.452128562847802939e+01
1.353440722859211719e+14 2.424478354767259347e+01
1.365976549323982344e+14 2.397139930505258576e+01
1.378628485007647812e+14 2.370109774386660106e+01
1.391397605335973750e+14 2.343384410379062643e+01
1.404284995695517344e+14 2.316960401645831169e+01
1.417291751525892500e+14 2.290834350104110939e+01
1.430418978412893750e+14 2.265002895987819542e+01
1.443667792182449688e+14 2.239462717415631232e+01
1.457039318995494062e+14 2.214210529963737173e+01
1.470534695443669062e+14 2.189243086243519443e+01
1.484155068645946562e+14 2.164557175483920304e+01
1.497901596346141250e+14 2.140149623118529831e+01
1.511775447011300938e+14 2.116017290377379112e+01
1.525777799931050000e+14 2.092157073883254625e+01
1.539909845317810000e+14 2.068565905252649273e+01
1.554172784407976562e+14 2.045240750701156429e+01
1.568567829564035625e+14 2.022178610653316255e+01
1.583096204377594688e+14 1.999376519356906812e+01
1.597759143773411250e+14 1.976831544501518678e+01
1.612557894114343438e+14 1.954540786841495503e+01
1.627493713307299688e+14 1.932501379823083099e+01
1.642567870910172812e+14 1.910710489215781038e+01
1.657781648239728750e+14 1.889165312747897829e+01
1.673136338480549062e+14 1.867863079746145161e+01
1.688633246794926875e+14 1.846801050779370001e+01
1.704273690433817500e+14 1.825976517306250813e+01
1.720058998848817188e+14 1.805386801326971380e+01
1.735990513805142500e+14 1.785029255038866935e+01
1.752069589495710312e+14 1.764901260495883761e+01
1.768297592656218750e+14 1.745000229271949621e+01
1.784675902681335000e+14 1.725323602128089462e+01
1.801205911741952500e+14 1.705868848683302019e+01
1.817889024903503438e+14 1.686633467089185245e+01
1.834726660245418750e+14 1.667614983708169873e+01
1.851720248981641562e+14 1.648810952795441409e+01
1.868871235582290312e+14 1.630218956184412349e+01
1.886181077896454375e+14 1.611836602975735033e+01
1.903651247276084375e+14 1.593661529229864371e+01
1.921283228701088438e+14 1.575691397663027793e+01
1.939078520905530625e+14 1.557923897346683617e+01
1.957038636505037188e+14 1.540356743410325713e+01
1.975165102125379688e+14 1.522987676747642460e+01
1.993459458532213750e+14 1.505814463726025920e+01
2.011923260762077188e+14 1.488834895899300115e+01
2.030558078254540625e+14 1.472046789723745697e+01
2.049365494985624062e+14 1.455447986277286709e+01
2.068347109602447812e+14 1.439036350981849210e+01
2.087504535559090938e+14 1.422809773328880034e+01
2.106839401253769062e+14 1.406766166607911650e+01
2.126353350167220000e+14 1.390903467638241153e+01
2.146048041002414688e+14 1.375219636503595133e+01
2.165925147825560312e+14 1.359712656289791788e+01
2.185986360208366875e+14 1.344380532825393182e+01
2.206233383371699688e+14 1.329221294425228805e+01
2.226667938330490625e+14 1.314232991636866288e+01
2.247291762040040000e+14 1.299413696989903677e+01
2.268106607543675625e+14 1.284761504748090388e+01
2.289114244121726875e+14 1.270274530664276114e+01
2.310316457441955000e+14 1.255950911738073295e+01
2.331715049711303438e+14 1.241788805976300658e+01
2.353311839829099688e+14 1.227786392156097683e+01
2.375108663541679062e+14 1.213941869590707867e+01
2.397107373598390625e+14 1.200253457897935583e+01
2.419309839909120625e+14 1.186719396771167290e+01
2.441717949703204375e+14 1.173337945753020151e+01
2.464333607689854688e+14 1.160107384011514142e+01
2.487158736220080312e+14 1.147026010118765349e+01
2.510195275450051250e+14 1.134092141832207545e+01
2.533445183506056562e+14 1.121304115878234420e+01
2.556910436650907188e+14 1.108660287738325501e+01
2.580593029451940000e+14 1.096159031437555242e+01
2.604494974950569688e+14 1.083798739335487582e+01
2.628618304833364375e+14 1.071577821919455253e+01
2.652965069604782188e+14 1.059494707600129004e+01
2.677537338761429688e+14 1.047547842509433025e+01
2.702337200967985938e+14 1.035735690300712264e+01
2.727366764234757500e+14 1.024056731951151811e+01
2.752628156096822500e+14 1.012509465566453848e+01
2.778123523794917500e+14 1.001092406187672879e+01
2.803855034457917812e+14 9.898040856002726429e+00
2.829824875287058750e+14 9.786430521453072018e+00
2.856035253741868125e+14 9.676078705327348928e+00
2.882488397727762500e+14 9.566971216568560976e+00
2.909186555785468125e+14 9.459094024138023471e+00
2.936131997282106875e+14 9.352433255211149543e+00
2.963327012604111250e+14 9.246975193393353720e+00
2.990773913351930000e+14 9.142706276956090505e+00
3.018475032536471875e+14 9.039613097092985328e+00
3.046432724777461875e+14 8.937682396195308243e+00
3.074649366503544375e+14 8.836901066147238026e+00
3.103127356154301875e+14 8.737256146640090648e+00
3.131869114384137500e+14 8.638734823505593852e+00
3.160877084267995000e+14 8.541324427068158087e+00
3.190153731509069375e+14 8.445012430515399515e+00
3.219701544648351875e+14 8.349786448287373375e+00
3.249523035276172500e+14 8.255634234483737899e+00
3.279620738245713750e+14 8.162543681288893183e+00
3.309997211888423750e+14 8.070502817415079022e+00
3.340655038231531250e+14 7.979499806562732722e+00
3.371596823217477500e+14 7.889522945898492345e+00
3.402825196925436875e+14 7.800560664550171275e+00
3.434342813794900625e+14 7.712601522118718300e+00
3.466152352851258750e+14 7.625634207207125925e+00
3.498256517933574375e+14 7.539647535965646519e+00
3.530658037924361875e+14 7.454630450653715101e+00
3.563359666981568125e+14 7.370572018217877996e+00
3.596364184772696875e+14 7.287461428885758430e+00
3.629674396711034375e+14 7.205287994776083949e+00
3.663293134194171250e+14 7.124041148524079325e+00
3.697223254844621250e+14 7.043710441922660159e+00
3.731467642752740625e+14 6.964285544578749487e+00
3.766029208721908125e+14 6.885756242584758269e+00
3.800910890515885000e+14 6.808112437205216416e+00
3.836115653108595625e+14 6.731344143577951300e+00
3.871646488936093125e+14 6.655441489430176105e+00
3.907506418150946875e+14 6.580394713808873419e+00
3.943698488878978125e+14 6.506194165825510467e+00
3.980225777478301875e+14 6.432830303415062012e+00
4.017091388800878125e+14 6.360293692108793806e+00
4.054298456456380000e+14 6.288575003821107678e+00
4.091850143078566250e+14 6.217665015649922466e+00
4.129749640594141250e+14 6.147554608690586342e+00
4.168000170494009375e+14 6.078234766863292116e+00
4.206604984107175625e+14 6.009696575753517678e+00
4.245567362877046250e+14 5.941931221465742041e+00
4.284890618640383750e+14 5.874929989489961812e+00
4.324578093908843125e+14 5.808684263580955687e+00
4.364633162153023750e+14 5.743185524650373353e+00
4.405059228089289375e+14 5.678425349671066158e+00
4.445859727969112500e+14 5.614395410594001490e+00
4.487038129871180625e+14 5.551087473277254603e+00
4.528597933996215625e+14 5.488493396427062798e+00
4.570542672964431875e+14 5.426605130550965050e+00
4.612875912115883750e+14 5.365414716922547456e+00
4.655601249813455625e+14 5.304914286558058301e+00
4.698722317748759375e+14 5.245096059204420236e+00
4.742242781250855000e+14 5.185952342338677745e+00
4.786166339597741875e+14 5.127475530178830176e+00
4.830496726330879375e+14 5.069658102705646208e+00
4.875237709572468125e+14 5.012492624695694232e+00
4.920393092345778125e+14 4.955971744765131248e+00
4.965966712898438125e+14 4.900088194424305321e+00
5.011962445028618750e+14 4.844834787143125432e+00
5.058384198414387500e+14 4.790204417426775940e+00
5.105235918945969375e+14 4.736190059902064320e+00
5.152521589061175625e+14 4.682784768413919885e+00
5.200245228083950625e+14 4.629981675132096797e+00
5.248410892565940000e+14 4.577773989668073362e+00
5.297022676631390625e+14 4.526154998201717738e+00
5.346084712325076875e+14 4.475118062617982950e+00
5.395601169963560625e+14 4.424656619653230649e+00
5.445576258489705625e+14 4.374764180051160523e+00
5.496014225830361875e+14 4.325434327728393313e+00
5.546919359257537500e+14 4.276660718949274020e+00
5.598295985752737500e+14 4.228437081510162621e+00
5.650148472374792500e+14 4.180757213932806415e+00
5.702481226631108750e+14 4.133614984666794889e+00
5.755298696852212500e+14 4.087004331301153925e+00
5.808605372569967500e+14 4.040919259784615747e+00
5.862405784899106250e+14 3.995353843654890547e+00
5.916704506922407500e+14 3.950302223276488167e+00
5.971506154079452500e+14 3.905758605087154223e+00
6.026815384558858750e+14 3.861717260852897571e+00
6.082636899694325000e+14 3.818172526931268962e+00
6.138975444364161250e+14 3.775118803543095591e+00
6.195835807394650000e+14 3.732550554052330494e+00
6.253222821967132500e+14 3.690462304254017223e+00
6.311141366028748750e+14 3.648848641670388471e+00
6.369596362707168750e+14 3.607704214854754010e+00
6.428592780728971250e+14 3.567023732703378247e+00
6.488135634842030000e+14 3.526801963775022752e+00
6.548229986241811250e+14 3.487033735618168429e+00
6.608880943001486250e+14 3.447713934105909317e+00
6.670093660506230000e+14 3.408837502778211626e+00
6.731873341891340000e+14 3.370399442191724493e+00
6.794225238484545000e+14 3.332394809276832515e+00
6.857154650252411250e+14 3.294818716701966910e+00
6.920666926250762500e+14 3.257666332245142460e+00
6.984767465079446250e+14 3.220932878172502623e+00
7.049461715341135000e+14 3.184613630623946534e+00
7.114755176104495000e+14 3.148703919005636287e+00
7.180653397371666250e+14 3.113199125389334743e+00
7.247161980549905000e+14 3.078094683918611185e+00
7.314286578927835000e+14 3.043386080221609280e+00
7.382032898155870000e+14 3.009068850830566522e+00
7.450406696731248750e+14 2.975138582607793847e+00
7.519413786487556250e+14 2.941590912178133177e+00
7.589060033088633750e+14 2.908421525367883564e+00
7.659351356527276250e+14 2.875626156649949472e+00
7.730293731628341250e+14 2.843200588595352407e+00
7.801893188556650000e+14 2.811140651330853668e+00
7.874155813329612500e+14 2.779442222002695306e+00
7.947087748334432500e+14 2.748101224246456198e+00
8.020695192850338750e+14 2.717113627662783859e+00
8.094984403575420000e+14 2.686475447299140562e+00
8.169961695158496250e+14 2.656182743137322166e+00
8.245633440735923750e+14 2.626231619586762545e+00
8.322006072473196250e+14 2.596618224983608503e+00
8.399086082111818750e+14 2.567338751095354255e+00
8.476880021520998750e+14 2.538389432631153575e+00
8.555394503254605000e+14 2.509766546757586703e+00
8.634636201113292500e+14 2.481466412619898865e+00
8.714611850711668750e+14 2.453485390868683336e+00
8.795328250050953750e+14 2.425819883191826065e+00
8.876792260096708750e+14 2.398466331851805133e+00
8.959010805362058750e+14 2.371421219228158517e+00
9.041990874496352500e+14 2.344681067365101512e+00
9.125739520879067500e+14 2.318242437524314248e+00
9.210263863219505000e+14 2.292101929742673239e+00
9.295571086161755000e+14 2.266256182395065988e+00
9.381668440895470000e+14 2.240701871762069697e+00
9.468563245772188750e+14 2.215435711602534052e+00
9.556262886927457500e+14 2.190454452730962398e+00
9.644774818908622500e+14 2.165754882599680187e+00
9.734106565308428750e+14 2.141333824885724102e+00
9.824265719404597500e+14 2.117188139082347487e+00
9.915259944805215000e+14 2.093314720095171388e+00
1.000709697610021125e+15 2.069710497842862207e+00
1.009978461951876500e+15 2.046372436862327504e+00
1.019333075359280250e+15 2.023297535918377132e+00
1.028774332982673250e+15 2.000482827617750647e+00
1.038303037337330000e+15 1.977925378027527881e+00
1.047919998371578625e+15 1.955622286297812984e+00
1.057626033535643625e+15 1.933570684288701047e+00
1.067421967851125125e+15 1.911767736201451573e+00
1.077308633981133500e+15 1.890210638213790428e+00
1.087286872301060625e+15 1.868896618119359143e+00
1.097357530970021250e+15 1.847822934971191877e+00
1.107521466002941500e+15 1.826986878729251584e+00
1.117779541343316625e+15 1.806385769911927008e+00
1.128132628936653750e+15 1.786016959251443881e+00
1.138581608804583750e+15 1.765877827353184104e+00
1.149127369119670250e+15 1.745965784358820327e+00
1.159770806280901000e+15 1.726278269613273908e+00
1.170512824989878000e+15 1.706812751335429867e+00
1.181354338327723500e+15 1.687566726292537567e+00
1.192296267832691000e+15 1.668537719478310422e+00
1.203339543578499500e+15 1.649723283794633177e+00
1.214485104253391500e+15 1.631120999736869415e+00
1.225733897239911500e+15 1.612728475082737978e+00
1.237086878695447000e+15 1.594543344584654410e+00
1.248545013633493250e+15 1.576563269665577582e+00
1.260109276005691000e+15 1.558785938118259162e+00
1.271780648784607000e+15 1.541209063807905011e+00
1.283560124047282250e+15 1.523830386378192125e+00
1.295448703059567750e+15 1.506647670960576058e+00
1.307447396361226750e+15 1.489658707886901023e+00
1.319557223851843750e+15 1.472861312405221890e+00
1.331779214877496250e+15 1.456253324398879112e+00
1.344114408318273000e+15 1.439832608108678524e+00
1.356563852676560250e+15 1.423597051858263018e+00
1.369128606166174000e+15 1.407544567782544664e+00
1.381809736802316500e+15 1.391673091559195274e+00
1.394608322492339750e+15 1.375980582143206288e+00
1.407525451127390750e+15 1.360465021504382976e+00
1.420562220674864250e+15 1.345124414367855792e+00
1.433719739271737500e+15 1.329956787957478292e+00
1.446999125318773750e+15 1.314960191742124751e+00
1.460401507575565000e+15 1.300132697184875674e+00
1.473928025256503250e+15 1.285472397494985763e+00
1.487579828127592250e+15 1.270977407382697155e+00
1.501358076604187500e+15 1.256645862816784032e+00
1.515263941849643000e+15 1.242475920784832599e+00
1.529298605874839250e+15 1.228465759056253548e+00
1.543463261638678750e+15 1.214613575947923074e+00
1.557759113149468750e+15 1.200917590092508869e+00
1.572187375567271250e+15 1.187376040209382477e+00
1.586749275307201500e+15 1.173987184878110934e+00
1.601446050143654250e+15 1.160749302314534104e+00
1.616278949315539250e+15 1.147660690149323592e+00
1.631249233632445500e+15 1.134719665209080741e+00
1.646358175581822000e+15 1.121924563299873334e+00
1.661607059437149750e+15 1.109273738993216574e+00
1.676997181367081000e+15 1.096765565414493437e+00
1.692529849545644500e+15 1.084398434033717606e+00
1.708206384263416500e+15 1.072170754458699138e+00
1.724028118039756250e+15 1.060080954230513850e+00
1.739996395736082000e+15 1.048127478621282416e+00
1.756112574670162000e+15 1.036308790434249838e+00
1.772378024731514250e+15 1.024623369806086703e+00
1.788794128497825000e+15 1.013069714011453737e+00
1.805362281352479000e+15 1.001646337269745501e+00
1.822083891603179000e+15 9.903517705540167970e-01
1.838960380601628250e+15 9.791845614020825428e-01
1.855993182864375750e+15 9.681432737297162028e-01
1.873183746194725750e+15 9.572264876459867233e-01
1.890533531805812000e+15 9.464327992706593751e-01
1.908044014444816750e+15 9.357608205536466217e-01
1.925716682518295000e+15 9.252091790965283336e-01
1.943553038218724500e+15 9.147765179760432019e-01
1.961554597652164750e+15 9.044614955696066438e-01
1.979722890967137750e+15 8.942627853827740392e-01
1.998059462484707250e+15 8.841790758786486348e-01
2.016565870829715750e+15 8.742090703092365578e-01
2.035243689063304000e+15 8.643514865486682242e-01
2.054094504816593000e+15 8.546050569283356602e-01
2.073119920425646750e+15 8.449685280738656878e-01
2.092321553067683750e+15 8.354406607439306409e-01
2.111701034898510000e+15 8.260202296709004965e-01
2.131260013191287750e+15 8.167060234032571531e-01
2.151000150476525000e+15 8.074968441498201477e-01
2.170923124683403500e+15 7.983915076257048771e-01
2.191030629282421000e+15 7.893888429000199825e-01
2.211324373429303250e+15 7.804876922453020116e-01
2.231806082110320750e+15 7.716869109886178579e-01
2.252477496288882500e+15 7.629853673643751666e-01
2.273340373053534000e+15 7.543819423687732062e-01
2.294396485767324000e+15 7.458755296158947612e-01
2.315647624218508500e+15 7.374650351954415983e-01
2.337095594772725500e+15 7.291493775320431192e-01
2.358742220526500000e+15 7.209274872461804984e-01
2.380589341462226000e+15 7.127983070166620250e-01
2.402638814604581000e+15 7.047607914446462063e-01
2.424892514178339500e+15 6.968139069192187396e-01
2.447352331767723000e+15 6.889566314844590700e-01
2.470020176477154000e+15 6.811879547080275099e-01
2.492897975093543000e+15 6.735068775512236261e-01
2.515987672250086000e+15 6.659124122405041257e-01
2.539291230591520000e+15 6.584035821404692346e-01
2.562810630940996000e+15 6.509794216282565049e-01
2.586547872468409500e+15 6.436389759693744717e-01
2.610504972860350500e+15 6.363813011949194243e-01
2.634683968491622500e+15 6.292054639801792915e-01
2.659086914598301000e+15 6.221105415246201975e-01
2.683715885452471500e+15 6.150956214332028438e-01
2.708572974538508500e+15 6.081598015990621331e-01
2.733660294731036000e+15 6.013021900874915282e-01
2.758979978474546000e+15 5.945219050212384726e-01
2.784534177964614000e+15 5.878180744671067659e-01
2.810325065330886000e+15 5.811898363238148235e-01
2.836354832821670000e+15 5.746363382111420171e-01
2.862625692990296500e+15 5.681567373603093607e-01
2.889139878883204000e+15 5.617502005055964309e-01
2.915899644229712000e+15 5.554159037771950747e-01
2.942907263633634500e+15 5.491530325952489466e-01
2.970165032766581000e+15 5.429607815651116276e-01
2.997675268563111500e+15 5.368383543737679231e-01
3.025440309417694500e+15 5.307849636874266697e-01
3.053462515383430500e+15 5.247998310502793862e-01
3.081744268372704500e+15 5.188821867843828040e-01
3.110287972359614500e+15 5.130312698906877023e-01
3.139096053584322500e+15 5.072463279511717493e-01
3.168170960759303500e+15 5.015266170320784589e-01
3.197515165277477000e+15 4.958714015882493831e-01
3.227131161422260500e+15 4.902799543685385508e-01
3.257021466579608500e+15 4.847515563222842272e-01
3.287188621451985500e+15 4.792854965068414352e-01
3.317635190274312500e+15 4.738810719961596418e-01
3.348363761031986000e+15 4.685375877903761310e-01
3.379376945680775500e+15 4.632543567264563178e-01
3.410677380368899500e+15 4.580306993898149992e-01
3.442267725661082000e+15 4.528659440269477976e-01
3.474150666764693500e+15 4.477594264590467610e-01
3.506328913758049500e+15 4.427104899965793039e-01
3.538805201820686500e+15 4.377184853548523047e-01
3.571582291465910000e+15 4.327827705705065142e-01
3.604662968775427000e+15 4.279027109189628697e-01
3.638050045636151000e+15 4.230776788328006743e-01
3.671746359979273000e+15 4.183070538210447720e-01
3.705754776021401500e+15 4.135902223893839214e-01
3.740078184508078000e+15 4.089265779612688556e-01
3.774719502959485500e+15 4.043155207999082346e-01
3.809681675918416500e+15 3.997564579311470023e-01
3.844967675200631500e+15 3.952488030672018926e-01
3.880580500147367500e+15 3.907919765312782845e-01
3.916523177880348000e+15 3.863854051830166170e-01
3.952798763559077500e+15 3.820285223447896228e-01
3.989410340640514000e+15 3.777207677288302312e-01
4.026361021141232500e+15 3.734615873651718210e-01
4.063653945901850000e+15 3.692504335304206409e-01
4.101292284854065500e+15 3.650867646773112707e-01
4.139279237290092000e+15 3.609700453650666607e-01
4.177618032134580000e+15 3.568997461905429880e-01
4.216311928219147500e+15 3.528753437201426757e-01
4.255364214559283500e+15 3.488963204225118964e-01
4.294778210633982500e+15 3.449621646019798704e-01
4.334557266667889000e+15 3.410723703327575573e-01
4.374704763916047000e+15 3.372264373938784199e-01
4.415224114951387500e+15 3.334238712048633868e-01
4.456118763954689500e+15 3.296641827621293874e-01
4.497392187007408000e+15 3.259468885760972712e-01
4.539047892387129000e+15 3.222715106090179304e-01
4.581089420865760000e+15 3.186375762134984191e-01
4.623520346010565000e+15 3.150446180717143552e-01
4.666344274487819000e+15 3.114921741353232632e-01
4.709564846369445000e+15 3.079797875660392203e-01
4.753185735442409000e+15 3.045070066768859607e-01
4.797210649520971000e+15 3.010733848741126151e-01
4.841643330761936000e+15 2.976784805997558236e-01
4.886487555982622000e+15 2.943218572748653727e-01
4.931747136981969000e+15 2.910030832433550541e-01
4.977425920864525000e+15 2.877217317164939558e-01
5.023527790367437000e+15 2.844773807180233094e-01
5.070056664190565000e+15 2.812696130298855124e-01
5.117016497329455000e+15 2.780980161385789295e-01
5.164411281411599000e+15 2.749621821821041645e-01
5.212245045035700000e+15 2.718617078975146817e-01
5.260521854114096000e+15 2.687961945690590659e-01
5.309245812218443000e+15 2.657652479769020415e-01
5.358421060928397000e+15 2.627684783464362406e-01
5.408051780183738000e+15 2.598055002981521922e-01
5.458142188639647000e+15 2.568759327980810192e-01
5.508696544025271000e+15 2.539793991087949676e-01
5.559719143505726000e+15 2.511155267409549974e-01
5.611214324047226000e+15 2.482839474054161777e-01
5.663186462785812000e+15 2.454842969658621310e-01
5.715639977399402000e+15 2.427162153919781018e-01
5.768579326483260000e+15 2.399793467131537683e-01
5.822009009929088000e+15 2.372733389727003650e-01
5.875933569307367000e+15 2.345978441825974370e-01
5.930357588253500000e+15 2.319525182787370576e-01
5.985285692857396000e+15 2.293370210766792483e-01
6.040722552056665000e+15 2.267510162279055830e-01
6.096672878033584000e+15 2.241941711765611800e-01
6.153141426615489000e+15 2.216661571166951838e-01
6.210132997679121000e+15 2.191666489499723425e-01
6.267652435558597000e+15 2.166953252438670596e-01
6.325704629457154000e+15 2.142518681903290145e-01
6.384294513862843000e+15 2.118359635649087191e-01
6.443427068967805000e+15 2.094473006863560305e-01
6.503107321091702000e+15 2.070855723766619472e-01
6.563340343108926000e+15 2.047504749215576791e-01
6.624131254879773000e+15 2.024417080314583062e-01
6.685485223685747000e+15 2.001589748028420324e-01
6.747407464668615000e+15 1.979019816800750287e-01
6.809903241273811000e+15 1.956704384176564115e-01
6.872977865697809000e+15 1.934640580428944878e-01
6.936636699339630000e+15 1.912825568190032188e-01
7.000885153256683000e+15 1.891256542086104941e-01
7.065728688624538000e+15 1.869930728376871798e-01
7.131172817201244000e+15 1.848845384598735431e-01
7.197223101795811000e+15 1.827997799212123797e-01
7.263885156741010000e+15 1.807385291252802673e-01
7.331164648370732000e+15 1.787005209987068410e-01
7.399067295501439000e+15 1.766854934570927793e-01
7.467598869918397000e+15 1.746931873713019612e-01
7.536765196866248000e+15 1.727233465341391772e-01
7.606572155544131000e+15 1.707757176274030397e-01
7.677025679605546000e+15 1.688500501893062944e-01
7.748131757662527000e+15 1.669460965822721354e-01
7.819896433794812000e+15 1.650636119610847385e-01
7.892325808063558000e+15 1.632023542414036132e-01
7.965426037029821000e+15 1.613620840686326996e-01
8.039203334278000000e+15 1.595425647871366315e-01
8.113663970943799000e+15 1.577435624098119937e-01
8.188814276247414000e+15 1.559648455879937001e-01
8.264660638031486000e+15 1.542061855817049298e-01
8.341209503304040000e+15 1.524673562302421292e-01
8.418467378786625000e+15 1.507481339230881123e-01
8.496440831467183000e+15 1.490482975711608093e-01
8.575136489158388000e+15 1.473676285783784567e-01
8.654561041060982000e+15 1.457059108135492220e-01
8.734721238332321000e+15 1.440629305825779638e-01
8.815623894660384000e+15 1.424384766009825498e-01
8.897275886842714000e+15 1.408323399667271991e-01
8.979684155371112000e+15 1.392443141333556123e-01
9.062855705021532000e+15 1.376741948834296070e-01
9.146797605449464000e+15 1.361217803022682360e-01
9.231516991791014000e+15 1.345868707519787821e-01
9.317021065269166000e+15 1.330692688457882078e-01
9.403317093806042000e+15 1.315687794226563512e-01
9.490412412640652000e+15 1.300852095221795290e-01
9.578314424952344000e+15 1.286183683597768024e-01
9.667030602490254000e+15 1.271680673021526320e-01
9.756568486208160000e+15 1.257341198430429741e-01
9.846935686905638000e+15 1.243163415792282317e-01
9.938139885874940000e+15 1.229145501868200291e-01
1.003018883555387600e+16 1.215285653978152164e-01
1.012309036018493600e+16 1.201582089769113737e-01
1.021685235648011600e+16 1.188033046985895319e-01
1.031148279429231200e+16 1.174636783244494831e-01
1.040698971729271000e+16 1.161391575808038978e-01
1.050338124365448200e+16 1.148295721365243521e-01
1.060066556674299200e+16 1.135347535811351005e-01
1.069885095581199200e+16 1.122545354031589393e-01
1.079794575670668800e+16 1.109887529687020591e-01
1.089795839257309400e+16 1.097372435002827995e-01
1.099889736457396800e+16 1.084998460558993655e-01
1.110077125261159600e+16 1.072764015083308292e-01
1.120358871605682000e+16 1.060667525246767884e-01
1.130735849448527800e+16 1.048707435461224691e-01
1.141208940842022400e+16 1.036882207679347828e-01
1.151779036008224000e+16 1.025190321196835785e-01
1.162447033414610600e+16 1.013630272456839398e-01
1.173213839850424400e+16 1.002200574856634413e-01
1.184080370503767400e+16 9.908997585564278954e-02
1.195047549039388400e+16 9.797263702903445670e-02
1.206116307677190400e+16 9.686789731795432401e-02
1.217287587271490200e+16 9.577561465474186686e-02
1.228562337390962000e+16 9.469564857369323907e-02
1.239941516399371800e+16 9.362786019299579321e-02
1.251426091537033000e+16 9.257211219686856118e-02
1.263017039003019400e+16 9.152826881790411540e-02
1.274715344038161800e+16 9.049619581960732795e-02
1.286522001008764200e+16 8.947576047913549657e-02
1.298438013491147200e+16 8.846683157022856847e-02
1.310464394356945800e+16 8.746927934633420831e-02
1.322602165859201200e+16 8.648297552392285314e-02
1.334852359719273000e+16 8.550779326598920149e-02
1.347216017214505000e+16 8.454360716574353674e-02
1.359694189266756600e+16 8.359029323048305926e-02
1.372287936531725200e+16 8.264772886564698828e-02
1.384998329489098800e+16 8.171579285905157530e-02
1.397826448533570000e+16 8.079436536530065771e-02
1.410773384066635400e+16 7.988332789037638770e-02
1.423840236589305000e+16 7.898256327639936736e-02
1.437028116795639400e+16 7.809195568656265851e-02
1.450338145667153200e+16 7.721139059023593432e-02
1.463771454568124000e+16 7.634075474823537322e-02
1.477329185341723600e+16 7.547993619826363909e-02
1.491012490407099200e+16 7.462882424051017760e-02
1.504822532857324400e+16 7.378730942341575616e-02
1.518760486558256800e+16 7.295528352959762541e-02
1.532827536248341800e+16 7.213263956193136095e-02
1.547024877639280800e+16 7.131927172979357632e-02
1.561353717517691000e+16 7.051507543545576517e-02
1.575815273847678000e+16 6.971994726063378278e-02
1.590410775874356400e+16 6.893378495318863708e-02
1.605141464228364600e+16 6.815648741397563326e-02
1.620008591031278200e+16 6.738795468384538301e-02
1.635013420002069000e+16 6.662808793078776881e-02
1.650157226564515400e+16 6.587678943722270752e-02
1.665441297955607200e+16 6.513396258743407718e-02
1.680866933334989800e+16 6.439951185514387888e-02
1.696435443895352800e+16 6.367334279122963125e-02
1.712148152973909600e+16 6.295536201157712897e-02
1.728006396164876400e+16 6.224547718507160432e-02
1.744011521432989600e+16 6.154359702172455121e-02
1.760164889228114600e+16 6.084963126093268643e-02
1.776467872600842200e+16 6.016349065987239286e-02
1.792921857319227000e+16 5.948508698202210898e-02
1.809528241986571200e+16 5.881433298581550256e-02
1.826288438160301200e+16 5.815114241342268786e-02
1.843203870471980000e+16 5.749542997965639141e-02
1.860275976748358400e+16 5.684711136100619594e-02
1.877506208133619600e+16 5.620610318479354189e-02
1.894896029212722400e+16 5.557232301845043548e-02
1.912446918135882800e+16 5.494568935891894212e-02
1.930160366744248800e+16 5.432612162216908513e-02
1.948037880696665600e+16 5.371354013283732159e-02
1.966080979597683200e+16 5.310786611397957241e-02
1.984291197126720000e+16 5.250902167694070782e-02
2.002670081168418800e+16 5.191692981133857326e-02
2.021219193944248000e+16 5.133151437515946075e-02
2.039940112145248000e+16 5.075270008496801655e-02
2.058834427066078000e+16 5.018041250622486821e-02
2.077903744740274400e+16 4.961457804371465635e-02
2.097149686076753200e+16 4.905512393208212585e-02
2.116573886997624800e+16 4.850197822647361878e-02
2.136177998577196400e+16 4.795506979328657826e-02
2.155963687182348800e+16 4.741432830102089435e-02
2.175932634614172800e+16 4.687968421123460405e-02
2.196086538250911600e+16 4.635106876960167627e-02
2.216427111192277600e+16 4.582841399706929358e-02
2.236956082405012400e+16 4.531165268111736477e-02
2.257675196869887200e+16 4.480071836711409239e-02
2.278586215730018000e+16 4.429554534977027391e-02
2.299690916440556000e+16 4.379606866468992860e-02
2.320991092919808800e+16 4.330222408001516143e-02
2.342488555701670400e+16 4.281394808816729042e-02
2.364185132089554400e+16 4.233117789767905370e-02
2.386082666311708000e+16 4.185385142511993672e-02
2.408183019677962800e+16 4.138190728711257232e-02
2.430488070737987200e+16 4.091528479243804195e-02
2.452999715440904800e+16 4.045392393423247884e-02
2.475719867296494000e+16 3.999776538226927636e-02
2.498650457537824400e+16 3.954675047532967697e-02
2.521793435285405200e+16 3.910082121365913294e-02
2.545150767712903600e+16 3.865992025150792599e-02
2.568724440214293200e+16 3.822399088975774600e-02
2.592516456572656800e+16 3.779297706862946860e-02
2.616528839130499200e+16 3.736682336047418562e-02
2.640763628961634800e+16 3.694547496264553865e-02
2.665222886044728400e+16 3.652887769045132932e-02
2.689908689438327200e+16 3.611697797018670331e-02
2.714823137457625600e+16 3.570972283224382177e-02
2.739968347852816400e+16 3.530705990430026836e-02
2.765346457989085200e+16 3.490893740458429761e-02
2.790959625028349200e+16 3.451530413521482210e-02
2.816810026112491200e+16 3.412610947561941360e-02
2.842899858548578000e+16 3.374130337602215118e-02
2.869231339995508000e+16 3.336083635100920569e-02
2.895806708652559200e+16 3.298465947316440994e-02
2.922628223449687200e+16 3.261272436677656317e-02
2.949698164239404000e+16 3.224498320162030168e-02
2.977018831990735200e+16 3.188138868680286814e-02
3.004592548984673600e+16 3.152189406468434985e-02
3.032421659011619200e+16 3.116645310486414536e-02
3.060508527570660000e+16 3.081502009823509219e-02
3.088855542070496800e+16 3.046754985110718128e-02
3.117465112032556800e+16 3.012399767939345080e-02
3.146339669295662800e+16 2.978431940286545287e-02
3.175481668222792400e+16 2.944847133947109744e-02
3.204893585909756400e+16 2.911641029971664615e-02
3.234577922395605200e+16 2.878809358111422689e-02
3.264537200875323600e+16 2.846347896268830099e-02
3.294773967914155200e+16 2.814252469954775862e-02
3.325290793664118000e+16 2.782518951751699471e-02
3.356090272082522400e+16 2.751143260782752675e-02
3.387175021152312400e+16 2.720121362187163244e-02
3.418547683104784400e+16 2.689449266601165803e-02
3.450210924644032800e+16 2.659123029645122163e-02
3.482167437173672400e+16 2.629138751416232322e-02
3.514419937025670400e+16 2.599492575986955128e-02
3.546971165691078400e+16 2.570180690909291271e-02
3.579823890053262800e+16 2.541199326724324220e-02
3.612980902622934400e+16 2.512544756477616895e-02
3.646445021775571200e+16 2.484213295239880506e-02
3.680219091991044000e+16 2.456201299633047411e-02
3.714305984095231200e+16 2.428505167361880157e-02
3.748708595504258400e+16 2.401121336750543234e-02
3.783429850470608000e+16 2.374046286284716561e-02
3.818472700331751200e+16 2.347276534158684175e-02
3.853840123761070400e+16 2.320808637827534091e-02
3.889535127020880000e+16 2.294639193564581431e-02
3.925560744218180800e+16 2.268764836023490217e-02
3.961920037562389600e+16 2.243182237805626741e-02
3.998616097625689600e+16 2.217888109032109534e-02
4.035652043605801600e+16 2.192879196920699200e-02
4.073031023590934400e+16 2.168152285367610024e-02
4.110756214827607200e+16 2.143704194533779459e-02
4.148830823990536000e+16 2.119531780436059026e-02
4.187258087455272800e+16 2.095631934542862077e-02
4.226041271573363200e+16 2.072001583374371431e-02
4.265183672949808000e+16 2.048637688107407887e-02
4.304688618723509600e+16 2.025537244184500568e-02
4.344559466849899200e+16 2.002697280927614315e-02
4.384799606386435200e+16 1.980114861156089326e-02
4.425412457780738400e+16 1.957787080808882224e-02
4.466401473161148800e+16 1.935711068571218177e-02
4.507770136630401600e+16 1.913883985505206858e-02
4.549521964561585600e+16 1.892303024684869467e-02
4.591660505897108000e+16 1.870965410835127851e-02
4.634189342450432800e+16 1.849868399974879604e-02
4.677112089210334400e+16 1.829009279064223309e-02
4.720432394648432800e+16 1.808385365655438420e-02
4.764153941029117600e+16 1.787994007548128136e-02
4.808280444722608000e+16 1.767832582448114476e-02
4.852815656520939200e+16 1.747898497630180278e-02
4.897763361956555200e+16 1.728189189604745907e-02
4.943127381624364800e+16 1.708702123788085475e-02
4.988911571506278400e+16 1.689434794176481250e-02
5.035119823299044000e+16 1.670384723023920007e-02
5.081756064745133600e+16 1.651549460523423982e-02
5.128824259966373600e+16 1.632926584492104191e-02
5.176328409801189600e+16 1.614513700059555870e-02
5.224272552144452800e+16 1.596308439359970036e-02
5.272660762290809600e+16 1.578308461227591677e-02
5.321497153281062400e+16 1.560511450895657112e-02
5.370785876251764800e+16 1.542915119698724975e-02
5.420531120788150400e+16 1.525517204778330249e-02
5.470737115280129600e+16 1.508315468792027769e-02
5.521408127281788000e+16 1.491307699625644446e-02
5.572548463874113600e+16 1.474491710108811852e-02
5.624162472031076000e+16 1.457865337733707696e-02
5.676254538989217600e+16 1.441426444376932292e-02
5.728829092620436000e+16 1.425172916024592361e-02
5.781890601808445600e+16 1.409102662500414001e-02
5.835443576828616000e+16 1.393213617196955613e-02
5.889492569731323200e+16 1.377503736809854162e-02
5.944042174728976800e+16 1.361971001075030878e-02
5.999097028586387200e+16 1.346613412508930636e-02
6.054661811014989600e+16 1.331428996151621559e-02
6.110741245070598400e+16 1.316415799312824902e-02
6.167340097554850400e+16 1.301571891320809152e-02
6.224463179420485600e+16 1.286895363274082570e-02
6.282115346180128800e+16 1.272384327795951856e-02
6.340301498319116800e+16 1.258036918791780555e-02
6.399026581712017600e+16 1.243851291209020944e-02
6.458295588043007200e+16 1.229825620799948963e-02
6.518113555230272800e+16 1.215958103887043729e-02
6.578485567854084800e+16 1.202246957131075829e-02
6.639416757589091200e+16 1.188690417301746516e-02
6.700912303640491200e+16 1.175286741050947381e-02
6.762977433184244000e+16 1.162034204688574060e-02
6.825617421811494400e+16 1.148931103960837419e-02
6.888837593976837600e+16 1.135975753831136754e-02
6.952643323451009600e+16 1.123166488263343220e-02
7.017040033777640800e+16 1.110501660007554188e-02
7.082033198734224000e+16 1.097979640388268598e-02
7.147628342797516800e+16 1.085598819094916838e-02
7.213831041612948800e+16 1.073357603974811614e-02
7.280646922468665600e+16 1.061254420828379973e-02
7.348081664773836800e+16 1.049287713206725238e-02
7.416141000541369600e+16 1.037455942211479125e-02
7.484830714875264000e+16 1.025757586296879333e-02
7.554156646462166400e+16 1.014191141074132635e-02
7.624124688067779200e+16 1.002755119117933885e-02
7.694740787037734400e+16 9.914480497751881199e-03
7.766010945803075200e+16 9.802684789758946485e-03
7.837941222390612800e+16 9.692149690461341477e-03
7.910537730937654400e+16 9.582860985232177428e-03
7.983806642211851200e+16 9.474804619728677962e-03
8.057754184135683200e+16 9.367966698084881708e-03
8.132386642315801600e+16 9.262333481124686296e-03
8.207710360577452800e+16 9.157891384594841686e-03
8.283731741503496000e+16 9.054626977418310865e-03
8.360457246978777600e+16 8.952526979966866916e-03
8.437893398739347200e+16 8.851578262353410401e-03
8.516046778926792000e+16 8.751767842743519640e-03
8.594924030647849600e+16 8.653082885685850489e-03
8.674531858538881600e+16 8.555510700461763790e-03
8.754877029335904000e+16 8.459038739453160483e-03
8.835966372449736000e+16 8.363654596528911217e-03
8.917806780546465600e+16 8.269346005449495357e-03
9.000405210133483200e+16 8.176100838289420900e-03
9.083768682150564800e+16 8.083907103877831235e-03
9.167904282566811200e+16 7.992752946256313426e-03
9.252819162982924800e+16 7.902626643154263622e-03
9.338520541239056000e+16 7.813516604481476543e-03
9.425015702028486400e+16 7.725411370837513211e-03
9.512311997516604800e+16 7.638299612038283205e-03
9.600416847965995200e+16 7.552170125658841382e-03
9.689337742367132800e+16 7.467011835592817989e-03
9.779082239074913600e+16 7.382813790628077986e-03
9.869657966451280000e+16 7.299565163038282574e-03
9.961072623513393600e+16 7.217255247190666051e-03
1.005333398058823360e+17 7.135873458169172782e-03
1.014644987997302720e+17 7.055409330413283005e-03
1.024042823660180800e+17 6.975852516372208281e-03
1.033527703871837760e+17 6.897192785174056755e-03
1.043100434855504320e+17 6.819420021310383662e-03
1.052761830301809280e+17 6.742524223335210308e-03
1.062512711437939360e+17 6.666495502578884472e-03
1.072353907097439680e+17 6.591324081876457838e-03
1.082286253790683680e+17 6.517000294310210974e-03
1.092310595775950080e+17 6.443514581966726558e-03
1.102427785131203680e+17 6.370857494707595804e-03
1.112638681826517600e+17 6.299019688954209106e-03
1.122944153797168000e+17 6.227991926486194617e-03
1.133345077017426720e+17 6.157765073253290526e-03
1.143842335574993280e+17 6.088330098200898238e-03
1.154436821746160320e+17 6.019678072108587859e-03
1.165129436071654400e+17 5.951800166441838756e-03
1.175921087433177280e+17 5.884687652216740242e-03
1.186812693130680960e+17 5.818331898877336650e-03
1.197805178960310560e+17 5.752724373185935137e-03
1.208899479293116640e+17 5.687856638125620735e-03
1.220096537154472800e+17 5.623720351815305642e-03
1.231397304304228960e+17 5.560307266437001378e-03
1.242802741317631200e+17 5.497609227175052730e-03
1.254313817666942560e+17 5.435618171167614504e-03
1.265931511803867520e+17 5.374326126469658980e-03
1.277656811242717760e+17 5.313725211027835009e-03
1.289490712644345760e+17 5.253807631666871682e-03
1.301434221900882880e+17 5.194565683087283732e-03
1.313488354221209600e+17 5.135991746874641467e-03
1.325654134217270240e+17 5.078078290519750376e-03
1.337932595991160960e+17 5.020817866450007563e-03
1.350324783223023040e+17 4.964203111071686936e-03
1.362831749259779520e+17 4.908226743822884271e-03
1.375454557204636800e+17 4.852881566237412722e-03
1.388194280007472320e+17 4.798160461018975698e-03
1.401052000556029440e+17 4.744056391125935426e-03
1.414028811767960000e+17 4.690562398866371038e-03
1.427125816683743840e+17 4.637671605003248348e-03
1.440344128560416000e+17 4.585377207869898233e-03
1.453684870966216320e+17 4.533672482495236349e-03
1.467149177876088320e+17 4.482550779738969648e-03
1.480738193768061440e+17 4.432005525436553788e-03
1.494453073720558720e+17 4.382030219553672418e-03
1.508294983510539840e+17 4.332618435350482980e-03
1.522265099712621440e+17 4.283763818555048723e-03
1.536364609799077760e+17 4.235460086546228436e-03
1.550594712240772800e+17 4.187701027545747204e-03
1.564956616609054400e+17 4.140480499819297264e-03
1.579451543678532160e+17 4.093792430886850249e-03
1.594080725530871360e+17 4.047630816741650851e-03
1.608845405659511040e+17 4.001989721078146045e-03
1.623746839075358080e+17 3.956863274528593134e-03
1.638786292413490240e+17 3.912245673908200903e-03
1.653965044040780800e+17 3.868131181468961732e-03
1.669284384164588480e+17 3.824514124161711073e-03
1.684745614942418240e+17 3.781388892906600331e-03
1.700350050592600320e+17 3.738749941871801451e-03
1.716099017506026240e+17 3.696591787760240659e-03
1.731993854358853120e+17 3.654909009104575189e-03
1.748035912226319040e+17 3.613696245569920744e-03
1.764226554697578560e+17 3.572948197264546981e-03
1.780567157991602560e+17 3.532659624058331546e-03
1.797059111074186880e+17 3.492825344908820438e-03
1.813703815775971200e+17 3.453440237195062098e-03
1.830502686911626880e+17 3.414499236058771581e-03
1.847457152400107520e+17 3.375997333753022120e-03
1.864568653386018240e+17 3.337929578998271099e-03
1.881838644362143360e+17 3.300291076345564754e-03
1.899268593293033920e+17 3.263076985547095493e-03
1.916859981739816640e+17 3.226282520933689002e-03
1.934614304986120640e+17 3.189902950799383338e-03
1.952533072165169920e+17 3.153933596792964263e-03
1.970617806388092480e+17 3.118369833316271197e-03
1.988870044873336960e+17 3.083207086929447716e-03
2.007291339077373440e+17 3.048440835762740182e-03
2.025883254826556160e+17 3.014066608935011063e-03
2.044647372450214720e+17 2.980079985978804306e-03
2.063585286915015360e+17 2.946476596271822238e-03
2.082698607960485120e+17 2.913252118474961901e-03
2.101988960235875200e+17 2.880402279976532198e-03
2.121457983438247040e+17 2.847922856342828372e-03
2.141107332451841600e+17 2.815809670774880365e-03
2.160938677488780480e+17 2.784058593571273575e-03
2.180953704230981120e+17 2.752665541597160842e-03
2.201154113973479360e+17 2.721626477759118284e-03
2.221541623769028800e+17 2.690937410485999375e-03
2.242117966574046080e+17 2.660594393215636767e-03
2.262884891395947520e+17 2.630593523887268283e-03
2.283844163441762880e+17 2.600930944439821049e-03
2.304997564268216320e+17 2.571602840315711635e-03
2.326346891933150080e+17 2.542605439970322193e-03
2.347893961148351680e+17 2.513935014386992593e-03
2.369640603433845440e+17 2.485587876597425763e-03
2.391588667273513920e+17 2.457560381207626789e-03
2.413740018272262080e+17 2.429848923929061807e-03
2.436096539314581120e+17 2.402449941115162874e-03
2.458660130724590400e+17 2.375359909303061297e-03
2.481432710427603200e+17 2.348575344760430589e-03
2.504416214113092800e+17 2.322092803037553981e-03
2.527612595399268800e+17 2.295908878524326787e-03
2.551023825999126080e+17 2.270020204012312883e-03
2.574651895888030080e+17 2.244423450261739082e-03
2.598498813472911360e+17 2.219115325573313337e-03
2.622566605762916160e+17 2.194092575364989077e-03
2.646857318541747520e+17 2.169351981753382067e-03
2.671373016541547840e+17 2.144890363139971643e-03
2.696115783618392320e+17 2.120704573801959238e-03
2.721087722929461120e+17 2.096791503487694438e-03
2.746290957111746560e+17 2.073148077016762677e-03
2.771727628462520000e+17 2.049771253884482593e-03
2.797399899121418240e+17 2.026658027870911500e-03
2.823309951254218880e+17 2.003805426654259661e-03
2.849459987238369920e+17 1.981210511428616646e-03
2.875852229850124480e+17 1.958870376526083024e-03
2.902488922453525120e+17 1.936782149043072328e-03
2.929372329191082240e+17 1.914942988470862877e-03
2.956504735176213120e+17 1.893350086330326375e-03
2.983888446687527680e+17 1.872000665810726831e-03
3.011525791364794240e+17 1.850891981412678897e-03
3.039419118406837120e+17 1.830021318595046647e-03
3.067570798771207680e+17 1.809385993425867770e-03
3.095983225375706240e+17 1.788983352237213421e-03
3.124658813301834880e+17 1.768810771283892440e-03
3.153600000000000000e+17 1.748865656406099235e-03
