Time step [Myr]	XUV Flux [W.m-2]	Mass loss rate (EL) [kg.s-1]
100.0	0.0035598436	1099.0539961979632
100.011	0.0035596648999999996	1098.9988249682158
100.021	0.0035595103	1098.9510942904378
100.031	0.0035593523	1098.9023139082324
100.043	0.0035591601	1098.8429747344358
100.054	0.00355897	1098.7842839074913
100.065	0.0035588088	1098.7345155681778
100.076	0.0035586170000000005	1098.67529988902
100.09	0.0035584001000000002	1098.6083349212963
100.1	0.0035582343	1098.55714639364
100.112	0.0035580465	1098.499165660867
100.124	0.0035578475	1098.4377270782159
100.138	0.0035576329999999997	1098.3715030783233
100.153	0.0035573765	1098.2923121413885
100.17	0.0035571163000000005	1098.211978879048
100.188	0.0035568171	1098.119604889454
100.209	0.0035564967999999995	1098.0207165576792
100.22	0.0035563108000000003	1097.9632915507793
100.231	0.0035561303	1097.9075645951586
100.243	0.003555924500000001	1097.8440266036534
100.256	0.0035557046	1097.7761354261409
100.27	0.0035555111	1097.716394894769
100.284	0.0035552833000000008	1097.6460646981466
100.298	0.0035550478000000007	1097.573357229733
100.314	0.0035547938000000004	1097.4949381342888
100.33	0.0035545592000000006	1097.422508528812
100.347	0.0035542811000000003	1097.3366488813986
100.365	0.0035539822000000003	1097.2443675127834
100.384	0.0035536824	1097.1518082812315
100.403	0.0035533580000000004	1097.0516541294126
100.424	0.0035530269	1096.9494314423987
100.446	0.0035526871000000006	1096.8445227469977
100.469	0.0035523148000000003	1096.7295801122186
100.493	0.0035519142999999994	1096.6059311054257
100.518	0.0035515145999999997	1096.4825290879103
100.544	0.0035510959	1096.353261075066
100.572	0.0035506436	1096.2136195125884
100.601	0.0035501919	1096.0741631920685
100.632	0.0035496882999999997	1095.9186834422037
100.664	0.0035491793	1095.7615365147194
100.697	0.0035486418000000002	1095.5955905942424
100.733	0.0035480459999999996	1095.4116453302045
100.77	0.003547469	1095.2335043141763
100.809	0.0035468426	1095.0401117102938
100.844	0.0035462764	1094.8653050495047
100.876	0.0035457536000000002	1094.7038975569924
100.904	0.0035452928	1094.5616317334466
100.934	0.003544813	1094.4134999145724
100.965	0.0035443157999999995	1094.2599960789235
100.998	0.0035437919	1094.0982489761554
101.033	0.0035432232	1093.9226704738758
101.069	0.0035426583	1093.7482651706616
101.107	0.0035420469000000004	1093.5595036157229
101.142	0.0035414919	1093.3881548048116
101.173	0.0035409869999999998	1093.2322736973717
101.205	0.0035404756999999998	1093.074416675716
101.239	0.0035399171999999997	1092.901987286718
101.275	0.0035393430000000003	1092.7247107331593
101.312	0.0035387541	1092.5428957516356
101.352	0.00353812	1092.347125875962
101.393	0.0035374423	1092.1378950846927
101.437	0.0035367432	1091.922057330264
101.476	0.0035361048	1091.7249598872265
101.511	0.0035355707000000003	1091.5600636711767
101.543	0.0035350356	1091.3948587185305
101.576	0.0035344896	1091.2262885369853
101.611	0.0035339473999999997	1091.0588915545059
101.648	0.0035333509999999997	1090.8747610485104
101.686	0.0035327248000000004	1090.6814301919476
101.727	0.003532082	1090.482974307887
101.769	0.0035313916	1090.269822561845
101.814	0.0035306719	1090.0476248335337
101.861	0.003529924	1089.8167207332085
101.91	0.0035291426	1089.5754739569095
101.961	0.0035283259999999996	1089.3233596524226
102.008	0.0035275629999999996	1089.0877936294942
102.05	0.0035269119	1088.8867752316849
102.094	0.0035261871	1088.6630029467328
102.14	0.0035254502	1088.4354949489662
102.188	0.0035246804	1088.1978295171832
102.239	0.0035238599000000006	1087.9445111399716
102.292	0.0035230085	1087.6816528019356
102.348	0.0035227883000000003	1087.6136690034446
102.407	0.0035230943	1087.7081424018927
102.469	0.0035234326999999998	1087.812618866059
102.534	0.0035237688000000003	1087.916385236054
102.602	0.0035241538	1088.035248825605
102.674	0.003524527	1088.1504693233205
102.749	0.0035249306	1088.2750754135616
102.828	0.0035253574000000004	1088.4068441928355
102.91	0.0035257879	1088.539755297515
102.997	0.0035262607	1088.6857259602157
103.089	0.0035267419	1088.8342900103248
103.185	0.0035272373	1088.9872381201
103.285	0.0035277999	1089.1609333291428
103.391	0.003528339	1089.3273732281739
103.502	0.0035289475000000003	1089.5152394469837
103.618	0.0035295598	1089.7042788648594
103.741	0.0035302068999999996	1089.9040623162837
103.867	0.0035308956000000002	1090.1166892101119
103.985	0.0035315185	1090.3090012359075
104.089	0.0035320667	1090.4782506379643
104.199	0.0035326723000000007	1090.6652215206452
104.314	0.0035332958	1090.8577187883984
104.435	0.0035339352999999994	1091.0551558416914
104.562	0.0035346165	1091.265467211048
104.696	0.0035353097000000006	1091.479483419559
104.836	0.0035360808000000007	1091.7175502089171
104.983	0.0035368440999999995	1091.953208852824
105.136	0.0035376782999999995	1092.2107569214043
105.288	0.0035384648000000006	1092.4535782543446
105.434	0.003539271	1092.7024816982303
105.578	0.0035400195000000003	1092.9335710405132
105.715	0.0035407491	1093.1588252611273
105.844	0.0035414535	1093.3762993195162
105.976	0.003542141600000001	1093.5887409713866
106.104	0.0035428375	1093.8035907687072
106.229	0.0035434921	1094.0056897446038
106.352	0.0035441506	1094.2089927932254
106.447	0.0035446640000000003	1094.3674981617332
106.547	0.0035451962	1094.5318077782501
106.652	0.003545761500000001	1094.706336576103
106.763	0.0035463482000000005	1094.8874723371146
106.879	0.0035469687	1095.0790433950792
107.001	0.0035476193000000002	1095.2799074245906
107.128	0.0035483103	1095.49324441259
107.263	0.0035490264	1095.7143306891548
107.404	0.0035497724000000002	1095.9446481899472
107.544	0.0035505274	1096.1777443201058
107.681	0.0035512578	1096.4032455299969
107.808	0.0035519406999999998	1096.6140817515666
107.932	0.0035525816999999998	1096.811981909754
108.052	0.0035532486	1097.0178783457843
108.164	0.0035538383000000002	1097.1999403165848
108.273	0.0035544071999999995	1097.3755805661835
108.378	0.0035549867000000007	1097.554493423703
108.48	0.0035555277000000004	1097.721519922267
108.58	0.0035560575000000007	1097.8850885709528
108.671	0.0035565596000000006	1098.0401052159232
108.76	0.003557022	1098.1828650180225
108.846	0.0035574854000000006	1098.3259335567188
108.929	0.0035579301000000004	1098.4632287210652
109.005	0.0035583375000000006	1098.5890080103718
109.084	0.0035587727	1098.7233701770538
109.155	0.0035591549000000004	1098.8413693041355
109.224	0.0035595203	1098.9541816564004
109.291	0.0035598669000000004	1099.061189760656
109.356	0.0035602348999999992	1099.1748048280704
109.42	0.0035605549	1099.2736005388663
109.481	0.0035608896000000004	1099.3769346776269
109.541	0.0035612011	1099.4731061273544
109.594	0.003561486	1099.561065183622
109.649	0.0035618067	1099.6600770100351
109.699	0.0035620426	1099.732907973087
109.751	0.0035623316000000004	1099.8221328493998
109.798	0.0035625906000000002	1099.9020956278248
109.844	0.0035628195000000002	1099.9727654347034
109.888	0.0035630802000000002	1100.0532530653422
109.931	0.0035632944000000004	1100.1193844442562
109.973	0.00356352	1100.189035420367
110.013	0.0035637255	1100.2524807908935
110.052	0.003563958	1100.3242620495184
110.091	0.0035641603	1100.386719462937
110.124	0.0035643299999999997	1100.4391120633184
110.159	0.003564517	1100.4968458068147
110.19	0.0035646815	1100.5476329768956
110.223	0.0035648653999999997	1100.6044096369433
110.253	0.003565030200000001	1100.6552894280035
110.283	0.0035651805999999996	1100.701723412077
110.311	0.0035653230000000005	1100.7456875033813
110.339	0.0035654739999999995	1100.7923067294128
110.366	0.0035656341999999995	1100.8417663321297
110.392	0.003565756800000001	1100.8796174388287
110.418	0.0035659028	1100.9246929818792
110.443	0.0035660233	1100.9618957417256
110.467	0.0035661806999999998	1101.010490881973
110.49	0.0035663071	1101.0495151877374
110.511	0.0035663913	1101.0755108091405
110.532	0.0035665359	1101.1201541209564
110.554	0.0035666233	1101.1471376994673
110.573	0.0035667386	1101.1827350290134
110.593	0.0035668366000000005	1101.2129912154448
110.612	0.0035669427	1101.2457481683052
110.631	0.0035670557	1101.28063540368
110.651	0.003567156	1101.3116016842826
110.661	0.0035672084000000002	1101.3277794819253
110.677	0.0035672861000000003	1101.3517683154528
110.692	0.0035673788000000007	1101.3803881979243
110.705	0.0035674552	1101.4039756738764
110.717	0.0035675215	1101.4244449102068
110.73	0.0035675638999999996	1101.4375353418873
110.744	0.0035676565	1101.4661243506987
110.757	0.0035677346	1101.490236678865
110.768	0.0035677833	1101.5052721511015
