Time [s]                 Flux [W m-2]
3.153600000000000000e+13 2.639001455239653751e+03
3.182809245496755859e+13 2.621884302940249199e+03
3.212289032603883594e+13 2.604944297061469570e+03
3.242041867129461719e+13 2.587847389612914867e+03
3.272070278090815234e+13 2.570619715299834297e+03
3.302376817929536719e+13 2.553929997515570449e+03
3.332964062728401172e+13 2.537219789302251229e+03
3.363834612430353906e+13 2.520700824875978014e+03
3.394991091059527344e+13 2.504393617320393332e+03
3.426436146944241406e+13 2.488272965895705511e+03
3.458172452942165625e+13 2.472003001918682912e+03
3.490202706667465625e+13 2.455582342427953336e+03
3.522529630720125781e+13 2.439706732710346387e+03
3.555155972917392188e+13 2.423843463057356075e+03
3.588084506527292188e+13 2.408354933674256699e+03
3.621318030504416406e+13 2.392722946573899662e+03
3.654859369727790625e+13 2.376946173023511165e+03
3.688711375241004688e+13 2.361491901964917361e+03
3.722876924494585938e+13 2.346097397679495771e+03
3.757358921590521875e+13 2.328186737365414956e+03
3.792160297529182812e+13 2.310518711634794727e+03
3.827284010458400781e+13 2.295823053257925494e+03
3.862733045924935156e+13 2.280991280886492859e+03
3.898510417128275000e+13 2.266022133806676266e+03
3.934619165176707031e+13 2.251309593972317998e+03
3.971062359345874219e+13 2.236711563633127298e+03
4.007843097339614844e+13 2.222497578979377522e+03
4.044964505553289844e+13 2.208253576077443995e+03
4.082429739339555469e+13 2.193877642500209731e+03
4.120241983276517188e+13 2.179542277573531010e+03
4.158404451438478906e+13 2.165520699169315776e+03
4.196920387669094531e+13 2.151568602747895511e+03
4.235793065857114062e+13 2.137687328575955689e+03
4.275025790214697656e+13 2.124105120346754575e+03
4.314621895558214844e+13 2.110565375142202356e+03
4.354584747591775781e+13 2.096900222231647149e+03
4.394917743193258594e+13 2.083196101464790445e+03
4.435624310703073438e+13 2.069863222804426186e+03
4.476707910215600000e+13 2.056614492380992488e+03
4.518172033873238281e+13 2.043607645790616061e+03
4.560020206163313281e+13 2.030480327302977003e+03
4.602255984217597656e+13 2.017231421084357862e+03
4.644882958114697656e+13 2.004305109170097694e+03
4.687904751185242969e+13 1.991379966286834588e+03
4.731325020319802344e+13 1.978697959913050909e+03
4.775147456279804688e+13 1.966012497889268616e+03
4.819375784011185938e+13 1.953646892706193057e+03
4.864013762961043750e+13 1.941166754926244266e+03
4.909065187397221094e+13 1.928571023726629846e+03
4.954533886730754688e+13 1.916189341352234806e+03
5.000423725841457812e+13 1.903897969246621415e+03
5.046738605406369531e+13 1.891921166115603683e+03
5.093482462231343750e+13 1.879925850490048788e+03
5.140659269585711719e+13 1.867819431960217344e+03
5.188273037539944531e+13 1.855182200012098974e+03
5.236327813306593750e+13 1.841022336483377558e+03
5.284827681584232031e+13 1.827914751023903364e+03
5.333776764904695312e+13 1.816246565475630177e+03
5.383179223983523438e+13 1.804782451521384928e+03
5.433039258073558594e+13 1.793393438839921146e+03
5.483361105321967188e+13 1.781898938947845181e+03
5.534149043130412500e+13 1.770314872615886316e+03
5.585407388518666406e+13 1.759098215198146136e+03
5.637140498491596875e+13 1.747888197810149222e+03
5.689352770409439844e+13 1.736938701573244998e+03
5.742048642361664844e+13 1.725887789010980214e+03
5.795232593544140625e+13 1.714734520785982795e+03
5.848909144639902344e+13 1.703777646617767914e+03
5.903082858203450781e+13 1.692895783333478676e+03
5.957758339048489844e+13 1.682162936223920951e+03
6.012940234639437500e+13 1.671394327578440425e+03
6.068633235486375781e+13 1.660974661825558996e+03
6.124842075543788281e+13 1.650458487138455666e+03
6.181571532612983594e+13 1.639844909632945246e+03
6.238826428748133594e+13 1.629318726526093542e+03
6.296611630666244531e+13 1.618957314917297936e+03
6.354932050160745312e+13 1.608681883950220481e+03
6.413792644519036719e+13 1.598427795369917931e+03
6.473198416943897656e+13 1.588495148572942753e+03
6.533154416978678125e+13 1.578572149055912632e+03
6.593665740936613281e+13 1.568557240822188987e+03
6.654737532333925781e+13 1.558436636918014074e+03
6.716374982327067969e+13 1.548210071056329525e+03
6.778583330154015625e+13 1.538157423870783987e+03
6.841367863579510156e+13 1.528095579825295545e+03
6.904733919344639844e+13 1.517940541058573217e+03
6.968686883620360156e+13 1.508225731129378573e+03
7.033232192465377344e+13 1.498748574912080358e+03
7.098375332288248438e+13 1.489194274505758813e+03
7.164121840313654688e+13 1.479692846151283675e+03
7.230477305053110938e+13 1.470103413752741289e+03
7.297447366780031250e+13 1.460516051942570130e+03
7.365037718009067188e+13 1.450906347749977385e+03
7.433254103980081250e+13 1.441211092616362293e+03
7.502102323146406250e+13 1.431446896607188364e+03
7.571588227667751562e+13 1.421592262749744805e+03
7.641717723907696875e+13 1.412977978525003209e+03
7.712496772935628125e+13 1.404635128452903245e+03
7.783931391033551562e+13 1.395989560773391304e+03
7.856027650207385938e+13 1.386992513097864503e+03
7.928791678703123438e+13 1.378040169437440227e+03
8.002229661527792188e+13 1.369275711156157286e+03
8.076347840975068750e+13 1.360430074788377397e+03
8.151152517156015625e+13 1.351872395778102600e+03
8.226650048534475000e+13 1.343320903390617786e+03
8.302846852467596875e+13 1.334535413059182702e+03
8.379749405751364062e+13 1.325251460346647718e+03
8.457364245171020312e+13 1.315881517890976284e+03
8.535697968056831250e+13 1.307047487483982195e+03
8.614757232844732812e+13 1.299363629662416315e+03
8.694548759642379688e+13 1.291608602482191145e+03
8.775079330800392188e+13 1.283413411715533130e+03
8.856355791488748438e+13 1.274920043150755646e+03
8.938385050278768750e+13 1.266348007384205857e+03
9.021174079730229688e+13 1.258138386572246191e+03
9.104729916984082812e+13 1.249980407048353527e+03
9.189059664360682812e+13 1.242313222265706372e+03
9.274170489963354688e+13 1.234575022553271083e+03
9.360069628287843750e+13 1.226765150157201560e+03
9.446764380837117188e+13 1.219027597695809163e+03
9.534262116742056250e+13 1.211418491255375557e+03
9.622570273387901562e+13 1.203872918898118769e+03
9.711696357046295312e+13 1.196354135867572950e+03
9.801647943513481250e+13 1.189013263255078300e+03
9.892432678754112500e+13 1.181691830489267431e+03
9.984058279551229688e+13 1.174302585214882811e+03
1.007653253416225625e+14 1.166860509434999585e+03
1.016986330298085156e+14 1.159665169125881221e+03
1.026405851920523594e+14 1.152446838202492927e+03
1.035912618951235625e+14 1.145340490177180754e+03
1.045507439473853438e+14 1.138046155485775898e+03
1.055191129056640156e+14 1.130448429294398693e+03
1.064964510821799844e+14 1.122780331511971099e+03
1.074828415515459844e+14 1.115041210343373905e+03
1.084783681578270625e+14 1.107878041287360929e+03
1.094831155216679688e+14 1.101042643760095643e+03
1.104971690474867500e+14 1.094303579895646408e+03
1.115206149307325312e+14 1.087553544824967275e+03
1.125535401652140469e+14 1.081015607450564175e+03
1.135960325504926719e+14 1.074452173494220233e+03
1.146481806993460781e+14 1.067827947759043127e+03
1.157100740453010469e+14 1.061184060573617899e+03
1.167818028502338906e+14 1.054746431345033898e+03
1.178634582120446094e+14 1.048300224651689632e+03
1.189551320723985625e+14 1.041946425394605967e+03
1.200569172245424375e+14 1.035628985310281678e+03
1.211689073211924062e+14 1.029420133149572166e+03
1.222911968824930000e+14 1.023153773414341345e+03
1.234238813040533906e+14 1.016829373458447776e+03
1.245670568650543125e+14 1.010587549805444269e+03
1.257208207364327188e+14 1.004384515371824250e+03
1.268852709891420312e+14 9.982362273194703448e+02
1.280605066024868438e+14 9.920747341046563861e+02
1.292466274725370000e+14 9.865581032119827114e+02
1.304437344206195312e+14 9.811120950807679719e+02
1.316519292018868594e+14 9.756156449821261276e+02
1.328713145139681094e+14 9.700134482454141107e+02
1.341019940056966562e+14 9.640138460925286381e+02
1.353440722859211719e+14 9.581912776126821427e+02
1.365976549323982344e+14 9.528865610580822931e+02
1.378628485007647812e+14 9.475327112056227179e+02
1.391397605335973750e+14 9.421292729733125952e+02
1.404284995695517344e+14 9.364338863168786702e+02
1.417291751525892500e+14 9.305338047924240072e+02
1.430418978412893750e+14 9.246933659475350851e+02
1.443667792182449688e+14 9.188296988612019049e+02
1.457039318995494062e+14 9.136650259536988870e+02
1.470534695443669062e+14 9.084777788569157337e+02
1.484155068645946562e+14 9.032424864868261238e+02
1.497901596346141250e+14 8.982182588406486730e+02
1.511775447011300938e+14 8.936380399520152196e+02
1.525777799931050000e+14 8.884546127526472219e+02
1.539909845317810000e+14 8.827563757781249478e+02
1.554172784407976562e+14 8.779893256549239595e+02
1.568567829564035625e+14 8.735016442777745169e+02
1.583096204377594688e+14 8.689723971386217727e+02
1.597759143773411250e+14 8.644286869497543648e+02
1.612557894114343438e+14 8.599633540809944634e+02
1.627493713307299688e+14 8.552925427694855216e+02
1.642567870910172812e+14 8.503443825699908984e+02
1.657781648239728750e+14 8.453503915656951904e+02
1.673136338480549062e+14 8.403101452629289270e+02
1.688633246794926875e+14 8.358563981686577335e+02
1.704273690433817500e+14 8.314547395214106018e+02
1.720058998848817188e+14 8.270941237091149105e+02
1.735990513805142500e+14 8.227466848012469427e+02
1.752069589495710312e+14 8.184432211708925706e+02
1.768297592656218750e+14 8.140998980384881634e+02
1.784675902681335000e+14 8.097163462177137490e+02
1.801205911741952500e+14 8.054189034435294161e+02
1.817889024903503438e+14 8.011189659817084703e+02
1.834726660245418750e+14 7.968873182234235628e+02
1.851720248981641562e+14 7.926164761354114034e+02
1.868871235582290312e+14 7.883060766923056235e+02
1.886181077896454375e+14 7.848683191299514874e+02
1.903651247276084375e+14 7.816090460472048562e+02
1.921283228701088438e+14 7.774346806372560650e+02
1.939078520905530625e+14 7.732216514576306281e+02
1.957038636505037188e+14 7.689696003971104119e+02
1.975165102125379688e+14 7.654775983619280169e+02
1.993459458532213750e+14 7.623230073769490218e+02
2.011923260762077188e+14 7.587127278166518636e+02
2.030558078254540625e+14 7.550690091575505676e+02
2.049365494985624062e+14 7.513915416803264407e+02
2.068347109602447812e+14 7.474092756018660566e+02
2.087504535559090938e+14 7.432542164324412397e+02
2.106839401253769062e+14 7.396870849955183758e+02
2.126353350167220000e+14 7.360869141059508820e+02
2.146048041002414688e+14 7.324533977460189362e+02
2.165925147825560312e+14 7.292175603377584139e+02
2.185986360208366875e+14 7.261367191967821100e+02
2.206233383371699688e+14 7.231019670114740165e+02
2.226667938330490625e+14 7.200391063718271880e+02
2.247291762040040000e+14 7.169478769319700859e+02
2.268106607543675625e+14 7.138929835587695152e+02
2.289114244121726875e+14 7.108402080173890454e+02
2.310316457441955000e+14 7.078216940318618526e+02
2.331715049711303438e+14 7.047752219933036031e+02
2.353311839829099688e+14 7.017005329488881671e+02
2.375108663541679062e+14 6.986742973184627772e+02
2.397107373598390625e+14 6.956511470235504930e+02
2.419309839909120625e+14 6.926455973177521628e+02
2.441717949703204375e+14 6.896122096365577363e+02
2.464333607689854688e+14 6.866947721482679299e+02
2.487158736220080312e+14 6.842005603684007156e+02
2.510195275450051250e+14 6.816832467226669223e+02
2.533445183506056562e+14 6.790929743344595408e+02
2.556910436650907188e+14 6.760866992356347964e+02
2.580593029451940000e+14 6.733685284653276995e+02
2.604494974950569688e+14 6.708751634611812733e+02
2.628618304833364375e+14 6.683587044341666115e+02
2.652965069604782188e+14 6.656095900616601284e+02
2.677537338761429688e+14 6.626030302076297858e+02
2.702337200967985938e+14 6.605652433983739229e+02
2.727366764234757500e+14 6.585665327251947474e+02
2.752628156096822500e+14 6.565493096120333121e+02
2.778123523794917500e+14 6.541138657694651783e+02
2.803855034457917812e+14 6.516155977584982111e+02
2.829824875287058750e+14 6.490941903120774441e+02
2.856035253741868125e+14 6.470474297934155175e+02
2.882488397727762500e+14 6.450508642336388903e+02
2.909186555785468125e+14 6.430586808539684398e+02
2.936131997282106875e+14 6.410480454913541735e+02
2.963327012604111250e+14 6.392678530124984491e+02
2.990773913351930000e+14 6.377684325800732950e+02
3.018475032536471875e+14 6.362551242292335019e+02
3.046432724777461875e+14 6.344816590852093441e+02
3.074649366503544375e+14 6.324748600884968255e+02
3.103127356154301875e+14 6.304494737362045953e+02
3.131869114384137500e+14 6.290720170712838808e+02
3.160877084267995000e+14 6.279578987318086547e+02
3.190153731509069375e+14 6.264472829711487520e+02
3.219701544648351875e+14 6.249226755988054265e+02
3.249523035276172500e+14 6.233956446546626466e+02
3.279620738245713750e+14 6.218751466230770575e+02
3.309997211888423750e+14 6.203405654483278795e+02
3.340655038231531250e+14 6.190887383982247911e+02
3.371596823217477500e+14 6.180677374432974602e+02
3.402825196925436875e+14 6.170372797825278894e+02
3.434342813794900625e+14 6.160076776791310067e+02
3.466152352851258750e+14 6.149772329244766524e+02
3.498256517933574375e+14 6.139458597580164678e+02
3.530658037924361875e+14 6.129049338163094944e+02
3.563359666981568125e+14 6.118665615217263394e+02
3.596364184772696875e+14 6.108247198702899823e+02
3.629674396711034375e+14 6.097732284825000306e+02
3.663293134194171250e+14 6.092344526698560685e+02
3.697223254844621250e+14 6.087074521685565287e+02
3.731467642752740625e+14 6.081778885163381574e+02
3.766029208721908125e+14 6.076487336069068306e+02
3.800910890515885000e+14 6.071146775636426582e+02
3.836115653108595625e+14 6.065806220163062790e+02
3.871646488936093125e+14 6.060440336586563035e+02
3.907506418150946875e+14 6.055030056746561513e+02
3.943698488878978125e+14 6.049635665781544276e+02
3.980225777478301875e+14 6.044191310937151229e+02
4.017091388800878125e+14 6.041503912040301429e+02
4.054298456456380000e+14 6.041503912040301429e+02
4.091850143078566250e+14 6.041503912040301429e+02
4.129749640594141250e+14 6.046902935533167920e+02
4.168000170494009375e+14 6.052483622605210485e+02
4.206604984107175625e+14 6.055431016906117065e+02
4.245567362877046250e+14 6.055431016906117065e+02
4.284890618640383750e+14 6.055472257871907686e+02
4.324578093908843125e+14 6.061166740119409724e+02
4.364633162153023750e+14 6.066913965749058661e+02
4.405059228089289375e+14 6.072691934283636783e+02
4.445859727969112500e+14 6.078506511790835702e+02
4.487038129871180625e+14 6.085357408556690189e+02
4.528597933996215625e+14 6.097138201020342194e+02
4.570542672964431875e+14 6.109028109433768350e+02
4.612875912115883750e+14 6.116222254588975602e+02
4.655601249813455625e+14 6.122249446776111199e+02
4.698722317748759375e+14 6.133868082376037592e+02
4.742242781250855000e+14 6.152219749501210799e+02
4.786166339597741875e+14 6.169827044140489534e+02
4.830496726330879375e+14 6.182262851672751367e+02
4.875237709572468125e+14 6.194813842029453781e+02
4.920393092345778125e+14 6.211111394387717155e+02
4.965966712898438125e+14 6.228114863605028404e+02
5.011962445028618750e+14 6.245275822201670053e+02
5.058384198414387500e+14 6.266989517803845047e+02
5.105235918945969375e+14 6.293217273388025887e+02
5.152521589061175625e+14 6.317693589811153743e+02
5.200245228083950625e+14 6.337754842905034138e+02
5.248410892565940000e+14 6.359728440008160533e+02
5.297022676631390625e+14 6.393890352347557382e+02
5.346084712325076875e+14 6.428368678843523867e+02
5.395601169963560625e+14 6.461074018518662569e+02
5.445576258489705625e+14 6.494041736465646864e+02
5.496014225830361875e+14 6.527314807712655238e+02
5.546919359257537500e+14 6.563056067526550805e+02
5.598295985752737500e+14 6.599619326235659855e+02
5.650148472374792500e+14 6.638575087173977636e+02
5.702481226631108750e+14 6.678612586930076986e+02
5.755298696852212500e+14 6.719020921655550183e+02
5.808605372569967500e+14 6.763561524207449338e+02
5.862405784899106250e+14 6.810288165162781979e+02
5.916704506922407500e+14 6.857818330265752138e+02
5.971506154079452500e+14 6.905969780773640423e+02
6.026815384558858750e+14 6.954567219212426608e+02
6.082636899694325000e+14 7.009955827191975004e+02
6.138975444364161250e+14 7.068420326165949064e+02
6.195835807394650000e+14 7.125852622386947814e+02
6.253222821967132500e+14 7.183350079822541829e+02
6.311141366028748750e+14 7.241380089690160275e+02
6.369596362707168750e+14 7.303355995166391494e+02
6.428592780728971250e+14 7.366201027005082551e+02
6.488135634842030000e+14 7.427685729853041039e+02
6.548229986241811250e+14 7.489739915761572320e+02
6.608880943001486250e+14 7.554740113860123074e+02
6.670093660506230000e+14 7.627146505183640102e+02
6.731873341891340000e+14 7.700223538332279531e+02
6.794225238484545000e+14 7.780102049652779215e+02
6.857154650252411250e+14 7.864763234157546776e+02
6.920666926250762500e+14 7.950795130961622590e+02
6.984767465079446250e+14 8.048870898922879178e+02
7.049461715341135000e+14 8.147855063378194700e+02
7.114755176104495000e+14 8.245579682985728596e+02
7.180653397371666250e+14 8.342771379523792348e+02
7.247161980549905000e+14 8.441976959727114718e+02
7.314286578927835000e+14 8.545552089573818648e+02
7.382032898155870000e+14 8.650086552054669937e+02
7.450406696731248750e+14 8.761597758095390418e+02
7.519413786487556250e+14 8.874287916624637091e+02
7.589060033088633750e+14 8.989481192072245221e+02
7.659351356527276250e+14 9.119871970678075286e+02
7.730293731628341250e+14 9.251436430009525793e+02
7.801893188556650000e+14 9.381024997259762586e+02
7.874155813329612500e+14 9.511813838569635209e+02
7.947087748334432500e+14 9.649688560747553083e+02
8.020695192850338750e+14 9.799704780061659903e+02
8.094984403575420000e+14 9.951110478250209326e+02
8.169961695158496250e+14 1.010301657499232192e+03
8.245633440735923750e+14 1.025611440223421596e+03
8.322006072473196250e+14 1.041386440782022873e+03
8.399086082111818750e+14 1.057885809911909973e+03
8.476880021520998750e+14 1.074539019027135737e+03
8.555394503254605000e+14 1.091435735589901469e+03
8.634636201113292500e+14 1.108488952768529089e+03
8.714611850711668750e+14 1.125588732827845433e+03
8.795328250050953750e+14 1.142374202899170314e+03
8.876792260096708750e+14 1.159310458431215920e+03
8.959010805362058750e+14 1.175876697362711866e+03
9.041990874496352500e+14 1.192596375963132232e+03
9.125739520879067500e+14 1.208958845250567265e+03
9.210263863219505000e+14 1.223826956312384709e+03
9.295571086161755000e+14 1.238832778658473444e+03
9.381668440895470000e+14 1.252115559306286286e+03
9.468563245772188750e+14 1.264254785394653936e+03
9.556262886927457500e+14 1.274328680440228936e+03
9.644774818908622500e+14 1.281804753234240707e+03
9.734106565308428750e+14 1.289350070842303467e+03
9.824265719404597500e+14 1.292601724761345167e+03
9.915259944805215000e+14 1.293977140727871756e+03
1.000709697610021125e+15 1.292305964921632494e+03
1.009978461951876500e+15 1.287892087585199533e+03
1.019333075359280250e+15 1.283437328073883236e+03
1.028774332982673250e+15 1.273654943464014877e+03
1.038303037337330000e+15 1.262833925295108656e+03
1.047919998371578625e+15 1.251247916299771759e+03
1.057626033535643625e+15 1.235776998538060298e+03
1.067421967851125125e+15 1.220162786181295360e+03
1.077308633981133500e+15 1.202893333545436917e+03
1.087286872301060625e+15 1.185386038466018817e+03
1.097357530970021250e+15 1.167688639935975516e+03
1.107521466002941500e+15 1.149626227404391329e+03
1.117779541343316625e+15 1.131396517358252595e+03
1.128132628936653750e+15 1.113946539814257449e+03
1.138581608804583750e+15 1.096847534804335510e+03
1.149127369119670250e+15 1.079900461664767363e+03
1.159770806280901000e+15 1.064934259150532853e+03
1.170512824989878000e+15 1.049829436810260404e+03
1.181354338327723500e+15 1.034584710720647536e+03
1.192296267832691000e+15 1.021624119662082649e+03
1.203339543578499500e+15 1.010206796486306189e+03
1.214485104253391500e+15 9.994249760058251013e+02
1.225733897239911500e+15 9.899741028356401102e+02
1.237086878695447000e+15 9.804356938731579021e+02
1.248545013633493250e+15 9.730636108736680399e+02
1.260109276005691000e+15 9.665907743597538229e+02
1.271780648784607000e+15 9.600579851978181978e+02
1.283560124047282250e+15 9.545725039900180491e+02
1.295448703059567750e+15 9.497387191999499692e+02
1.307447396361226750e+15 9.448601629719671564e+02
1.319557223851843750e+15 9.399855136791281893e+02
1.331779214877496250e+15 9.374358230404722008e+02
1.344114408318273000e+15 9.348625166801624573e+02
1.356563852676560250e+15 9.322653758648755229e+02
1.369128606166174000e+15 9.296441798353375816e+02
1.381809736802316500e+15 9.285234456608136497e+02
1.394608322492339750e+15 9.276405544089673185e+02
1.407525451127390750e+15 9.267494856497253295e+02
1.420562220674864250e+15 9.258501636414526956e+02
1.433719739271737500e+15 9.249802749346609971e+02
1.446999125318773750e+15 9.245999042059066824e+02
1.460401507575565000e+15 9.242160104108170344e+02
1.473928025256503250e+15 9.238285609180783240e+02
1.487579828127592250e+15 9.234375227941400226e+02
1.501358076604187500e+15 9.230428628004148095e+02
1.515263941849643000e+15 9.230755230133428313e+02
1.529298605874839250e+15 9.234105060001554648e+02
1.543463261638678750e+15 9.237485916633695524e+02
1.557759113149468750e+15 9.240898087405662409e+02
1.572187375567271250e+15 9.244341862354999648e+02
1.586749275307201500e+15 9.247817534205634047e+02
1.601446050143654250e+15 9.250070889427842076e+02
1.616278949315539250e+15 9.250070889427842076e+02
1.631249233632445500e+15 9.250070889427842076e+02
1.646358175581822000e+15 9.250070889427842076e+02
1.661607059437149750e+15 9.250070889427842076e+02
1.676997181367081000e+15 9.250070889427842076e+02
1.692529849545644500e+15 9.250070889427842076e+02
1.708206384263416500e+15 9.250070889427842076e+02
1.724028118039756250e+15 9.250070889427842076e+02
1.739996395736082000e+15 9.250070889427842076e+02
1.756112574670162000e+15 9.250070889427842076e+02
1.772378024731514250e+15 9.250070889427842076e+02
1.788794128497825000e+15 9.250070889427842076e+02
1.805362281352479000e+15 9.250070889427842076e+02
1.822083891603179000e+15 9.250070889427842076e+02
1.838960380601628250e+15 9.251105711700489564e+02
1.855993182864375750e+15 9.253463895055177773e+02
1.873183746194725750e+15 9.255843920354478769e+02
1.890533531805812000e+15 9.258245989902654856e+02
1.908044014444816750e+15 9.260670307877752521e+02
1.925716682518295000e+15 9.263117080348946502e+02
1.943553038218724500e+15 9.265586515294072569e+02
1.961554597652164750e+15 9.268078822617289916e+02
1.979722890967137750e+15 9.270594214166932261e+02
1.998059462484707250e+15 9.272846508652531838e+02
2.016565870829715750e+15 9.274986598019879693e+02
2.035243689063304000e+15 9.277146509303677249e+02
2.054094504816593000e+15 9.279326426098301681e+02
2.073119920425646750e+15 9.281526533698612411e+02
2.092321553067683750e+15 9.283747019115709236e+02
2.111701034898510000e+15 9.285988071092823475e+02
2.131260013191287750e+15 9.288249880121361457e+02
2.151000150476525000e+15 9.290532638457099210e+02
2.170923124683403500e+15 9.292825129869115699e+02
2.191030629282421000e+15 9.294767316887632660e+02
2.211324373429303250e+15 9.296727492813247409e+02
2.231806082110320750e+15 9.298705824262654005e+02
2.252477496288882500e+15 9.300702479395780529e+02
2.273340373053534000e+15 9.302717627930084063e+02
2.294396485767324000e+15 9.304751441154980967e+02
2.315647624218508500e+15 9.306804091946398785e+02
2.337095594772725500e+15 9.308875754781475962e+02
2.358742220526500000e+15 9.310966605753392287e+02
2.380589341462226000e+15 9.313076822586335766e+02
2.402638814604581000e+15 9.315039006802575159e+02
2.424892514178339500e+15 9.316834402603616354e+02
2.447352331767723000e+15 9.318646427703464497e+02
2.470020176477154000e+15 9.320475236125860192e+02
2.492897975093543000e+15 9.322320983321143331e+02
2.515987672250086000e+15 9.324183826179462358e+02
2.539291230591520000e+15 9.326063923044114290e+02
2.562810630940996000e+15 9.327961433725000688e+02
2.586547872468409500e+15 9.329876519512214372e+02
2.610504972860350500e+15 9.331809343189744368e+02
2.634683968491622500e+15 9.333760069049320691e+02
2.659086914598301000e+15 9.335774666367715326e+02
2.683715885452471500e+15 9.339097735423086988e+02
2.708572974538508500e+15 9.342451583378713167e+02
2.733660294731036000e+15 9.345836495314645163e+02
2.758979978474546000e+15 9.349252758951402029e+02
2.784534177964614000e+15 9.352700664674424615e+02
2.810325065330886000e+15 9.356180505558759251e+02
2.836354832821670000e+15 9.359692577393969941e+02
2.862625692990296500e+15 9.363237178709276805e+02
2.889139878883204000e+15 9.366814610798941203e+02
2.915899644229712000e+15 9.370425177747861198e+02
2.942907263633634500e+15 9.374069186457435308e+02
2.970165032766581000e+15 9.377746946671635442e+02
2.997675268563111500e+15 9.381018139947614145e+02
3.025440309417694500e+15 9.384154461534652683e+02
3.053462515383430500e+15 9.387319832331227190e+02
3.081744268372704500e+15 9.390514521396664804e+02
3.110287972359614500e+15 9.393738800282370676e+02
3.139096053584322500e+15 9.396992943054909802e+02
3.168170960759303500e+15 9.400277226319308284e+02
3.197515165277477000e+15 9.403591929242558081e+02
3.227131161422260500e+15 9.406937333577347999e+02
3.257021466579608500e+15 9.410313723686016374e+02
3.287188621451985500e+15 9.413721386564717477e+02
3.317635190274312500e+15 9.417160611867818716e+02
3.348363761031986000e+15 9.420631691932526337e+02
3.379376945680775500e+15 9.424673109317321860e+02
3.410677380368899500e+15 9.429118211474691407e+02
3.442267725661082000e+15 9.433604485017200432e+02
3.474150666764693500e+15 9.438132311282078035e+02
3.506328913758049500e+15 9.442702075138579403e+02
3.538805201820686500e+15 9.447314165020684413e+02
3.571582291465910000e+15 9.451968972960128212e+02
3.604662968775427000e+15 9.456666894619713730e+02
3.638050045636151000e+15 9.461408329326951616e+02
3.671746359979273000e+15 9.466193680108001445e+02
3.705754776021401500e+15 9.471023353721926696e+02
3.740078184508078000e+15 9.475897760695269199e+02
3.774719502959485500e+15 9.480817315356946438e+02
3.809681675918416500e+15 9.485782435873469467e+02
3.844967675200631500e+15 9.490240089531664580e+02
3.880580500147367500e+15 9.494484039743317680e+02
3.916523177880348000e+15 9.498767298232369285e+02
3.952798763559077500e+15 9.503090229079593882e+02
3.989410340640514000e+15 9.507453199737947216e+02
4.026361021141232500e+15 9.511856581063810836e+02
4.063653945901850000e+15 9.516300747348503819e+02
4.101292284854065500e+15 9.520786076350103713e+02
4.139279237290092000e+15 9.525312949325556247e+02
4.177618032134580000e+15 9.529881751063079491e+02
4.216311928219147500e+15 9.534492869914879520e+02
4.255364214559283500e+15 9.539146697830149151e+02
4.294778210633982500e+15 9.543843630388390693e+02
4.334557266667889000e+15 9.548584066833039969e+02
4.374704763916047000e+15 9.553327819873250064e+02
4.415224114951387500e+15 9.557379314766681091e+02
4.456118763954689500e+15 9.561468335379597647e+02
4.497392187007408000e+15 9.565595229282380387e+02
4.539047892387129000e+15 9.569760347264674465e+02
4.581089420865760000e+15 9.573964043365202770e+02
4.623520346010565000e+15 9.578206674901866791e+02
4.666344274487819000e+15 9.582488602502111235e+02
4.709564846369445000e+15 9.586810190133583092e+02
4.753185735442409000e+15 9.591171805135063551e+02
4.797210649520971000e+15 9.595573818247697773e+02
4.841643330761936000e+15 9.600016603646511157e+02
4.886487555982622000e+15 9.604500538972201866e+02
4.931747136981969000e+15 9.609026005363253944e+02
4.977425920864525000e+15 9.613593387488324424e+02
5.023527790367437000e+15 9.618203073578947624e+02
5.070056664190565000e+15 9.621302295153483328e+02
5.117016497329455000e+15 9.623926062716308252e+02
5.164411281411599000e+15 9.626574132115405291e+02
5.212245045035700000e+15 9.629246728439023855e+02
5.260521854114096000e+15 9.631944078860221907e+02
5.309245812218443000e+15 9.634666412656181365e+02
5.358421060928397000e+15 9.637413961227689470e+02
5.408051780183738000e+15 9.640186958118813436e+02
5.458142188639647000e+15 9.642985639036749035e+02
5.508696544025271000e+15 9.645810241871856761e+02
5.559719143505726000e+15 9.648661006717886721e+02
5.611214324047226000e+15 9.651538175892380877e+02
5.663186462785812000e+15 9.654441993957270824e+02
5.715639977399402000e+15 9.657372707739669977e+02
5.768579326483260000e+15 9.660330566352847654e+02
5.822009009929088000e+15 9.663315821217415760e+02
5.875933569307367000e+15 9.665906543096097039e+02
5.930357588253500000e+15 9.668452191095403805e+02
5.985285692857396000e+15 9.671021417372666065e+02
6.040722552056665000e+15 9.673614440314396461e+02
6.096672878033584000e+15 9.676231480329848864e+02
6.153141426615489000e+15 9.678872759869743732e+02
6.210132997679121000e+15 9.681538503445187871e+02
6.267652435558597000e+15 9.684228937646751092e+02
6.325704629457154000e+15 9.686944291163724756e+02
6.384294513862843000e+15 9.689684794803572458e+02
6.443427068967805000e+15 9.692450681511531911e+02
6.503107321091702000e+15 9.695242186390429424e+02
6.563340343108926000e+15 9.698059546720656954e+02
6.624131254879773000e+15 9.700903001980340150e+02
6.685485223685747000e+15 9.703772793865704216e+02
6.747407464668615000e+15 9.706669166311603476e+02
6.809903241273811000e+15 9.708940596413361845e+02
6.872977865697809000e+15 9.710353166549194839e+02
6.936636699339630000e+15 9.711778820179406466e+02
7.000885153256683000e+15 9.713217678485824536e+02
7.065728688624538000e+15 9.714669863772679719e+02
7.131172817201244000e+15 9.716135499477009034e+02
7.197223101795811000e+15 9.717614710179150279e+02
7.263885156741010000e+15 9.719107621613324000e+02
7.331164648370732000e+15 9.720614360678329149e+02
7.399067295501439000e+15 9.722135055448321737e+02
7.467598869918397000e+15 9.723669835183706027e+02
7.536765196866248000e+15 9.725218830342123510e+02
7.606572155544131000e+15 9.726782172589535094e+02
7.677025679605546000e+15 9.728359994811421529e+02
7.748131757662527000e+15 9.729952431124070245e+02
7.819896433794812000e+15 9.731561557623664385e+02
7.892325808063558000e+15 9.733187387325057216e+02
7.965426037029821000e+15 9.734828275771656081e+02
8.039203334278000000e+15 9.736484362440436371e+02
8.113663970943799000e+15 9.738155788100233394e+02
8.188814276247414000e+15 9.739842694823713600e+02
8.264660638031486000e+15 9.741545225999442437e+02
8.341209503304040000e+15 9.743263526344082948e+02
8.418467378786625000e+15 9.744997741914688731e+02
8.496440831467183000e+15 9.746748020121121954e+02
8.575136489158388000e+15 9.748514509738583911e+02
8.654561041060982000e+15 9.750297360920259280e+02
8.734721238332321000e+15 9.752096725210079740e+02
8.815623894660384000e+15 9.753914499291854554e+02
8.897275886842714000e+15 9.755751559657004464e+02
8.979684155371112000e+15 9.757605635226109371e+02
9.062855705021532000e+15 9.759476883597241113e+02
9.146797605449464000e+15 9.761365463828168458e+02
9.231516991791014000e+15 9.763271536449890391e+02
9.317021065269166000e+15 9.765195263480270569e+02
9.403317093806042000e+15 9.767136808437811624e+02
9.490412412640652000e+15 9.769096336355561334e+02
9.578314424952344000e+15 9.771074013795126803e+02
9.667030602490254000e+15 9.773070008860850066e+02
9.756568486208160000e+15 9.775084491214081481e+02
9.846935686905638000e+15 9.777121077397596309e+02
9.938139885874940000e+15 9.779177823986730118e+02
1.003018883555387600e+16 9.781253620555582984e+02
1.012309036018493600e+16 9.783348643548707742e+02
1.021685235648011600e+16 9.785463071044918024e+02
1.031148279429231200e+16 9.787597082772425665e+02
1.040698971729271000e+16 9.789750860124122482e+02
1.050338124365448200e+16 9.791924586172992804e+02
1.060066556674299200e+16 9.794118445687682879e+02
1.069885095581199200e+16 9.796332625148195348e+02
1.079794575670668800e+16 9.798568215429573911e+02
1.089795839257309400e+16 9.800828751777722800e+02
1.099889736457396800e+16 9.803110225645260698e+02
1.110077125261159600e+16 9.805412830959492112e+02
1.120358871605682000e+16 9.807736763443911059e+02
1.130735849448527800e+16 9.810082220634842542e+02
1.141208940842022400e+16 9.812449401898228416e+02
1.151779036008224000e+16 9.814838508446575815e+02
1.162447033414610600e+16 9.817249743356063618e+02
1.173213839850424400e+16 9.819683311583796694e+02
1.184080370503767400e+16 9.822142609302194387e+02
1.195047549039388400e+16 9.824627194484360189e+02
1.206116307677190400e+16 9.827134792369006391e+02
1.217287587271490200e+16 9.829665616104180117e+02
1.228562337390962000e+16 9.832219880812142492e+02
1.239941516399371800e+16 9.834797803607661990e+02
1.251426091537033000e+16 9.837399603616463537e+02
1.263017039003019400e+16 9.840025501993856096e+02
1.274715344038161800e+16 9.842675721943533063e+02
1.286522001008764200e+16 9.845354993481626025e+02
1.298438013491147200e+16 9.848060763938282207e+02
1.310464394356945800e+16 9.850791595757674486e+02
1.322602165859201200e+16 9.853547721062930123e+02
1.334852359719273000e+16 9.856329374127149094e+02
1.347216017214505000e+16 9.859136791393308386e+02
1.359694189266756600e+16 9.861970211494367504e+02
1.372287936531725200e+16 9.864829875273549078e+02
1.384998329489098800e+16 9.867719745511400333e+02
1.397826448533570000e+16 9.870639290549155476e+02
1.410773384066635400e+16 9.873585876970644222e+02
1.423840236589305000e+16 9.876559755238329217e+02
1.437028116795639400e+16 9.879561178134501915e+02
1.450338145667153200e+16 9.882590400782770530e+02
1.463771454568124000e+16 9.885647680669750343e+02
1.477329185341723600e+16 9.888733277666945014e+02
1.491012490407099200e+16 9.891854556226309114e+02
1.504822532857324400e+16 9.895004982815477206e+02
1.518760486558256800e+16 9.898184589257405150e+02
1.532827536248341800e+16 9.901393645821461860e+02
1.547024877639280800e+16 9.904632425280303778e+02
1.561353717517691000e+16 9.907901202933057903e+02
1.575815273847678000e+16 9.911200256628726493e+02
1.590410775874356400e+16 9.911629532838327350e+02
1.605141464228364600e+16 9.911629532838327350e+02
1.620008591031278200e+16 9.911629532838327350e+02
1.635013420002069000e+16 9.911629532838327350e+02
1.650157226564515400e+16 9.911629532838327350e+02
1.665441297955607200e+16 9.911629532838327350e+02
1.680866933334989800e+16 9.912369244779266637e+02
1.696435443895352800e+16 9.915928796661897877e+02
1.712148152973909600e+16 9.919521317793894468e+02
1.728006396164876400e+16 9.923147113542740954e+02
1.744011521432989600e+16 9.926806492104291237e+02
1.760164889228114600e+16 9.930499764528974538e+02
1.776467872600842200e+16 9.934227244748221892e+02
1.792921857319227000e+16 9.937997523225790246e+02
1.809528241986571200e+16 9.941803319580932339e+02
1.826288438160301200e+16 9.945644365948770655e+02
1.843203870471980000e+16 9.949520988821660694e+02
1.860275976748358400e+16 9.953433517715983498e+02
1.877506208133619600e+16 9.957382291407354842e+02
1.894896029212722400e+16 9.961376631554621781e+02
1.912446918135882800e+16 9.965407968043198252e+02
1.930160366744248800e+16 9.969476643540265286e+02
1.948037880696665600e+16 9.973583003886851657e+02
1.966080979597683200e+16 9.977727398127229890e+02
1.984291197126720000e+16 9.981913842555925385e+02
2.002670081168418800e+16 9.986145176040528213e+02
2.021219193944248000e+16 9.990415700943998445e+02
2.039940112145248000e+16 9.994725780264739115e+02
2.058834427066078000e+16 9.999075780363317563e+02
2.077903744740274400e+16 1.000346635893156758e+03
2.097149686076753200e+16 1.000790749074162363e+03
2.116573886997624800e+16 1.001238975716270488e+03
2.136177998577196400e+16 1.001691353919143239e+03
2.155963687182348800e+16 1.002147922135329509e+03
2.175932634614172800e+16 1.002608719173532563e+03
2.196086538250911600e+16 1.003074787547522988e+03
2.216427111192277600e+16 1.003545245957371662e+03
2.236956082405012400e+16 1.004020061842863811e+03
2.257675196869887200e+16 1.004499275563771107e+03
2.278586215730018000e+16 1.004983002016428145e+03
2.299690916440556000e+16 1.005472282341378218e+03
2.320991092919808800e+16 1.005966094474144256e+03
2.342488555701670400e+16 1.006464480389195842e+03
2.364185132089554400e+16 1.006967482449777776e+03
2.386082666311708000e+16 1.007475607726519456e+03
2.408183019677962800e+16 1.007989119519162955e+03
2.430488070737987200e+16 1.008507387556104277e+03
2.452999715440904800e+16 1.009030455890586154e+03
2.475719867296494000e+16 1.009558368983881337e+03
2.498650457537824400e+16 1.010092344279003896e+03
2.521793435285405200e+16 1.010631340167923554e+03
2.545150767712903600e+16 1.011175328339707903e+03
2.568724440214293200e+16 1.011724355033834058e+03
2.592516456572656800e+16 1.011917393795775638e+03
2.616528839130499200e+16 1.011917393795775638e+03
2.640763628961634800e+16 1.011917393795775638e+03
2.665222886044728400e+16 1.011917393795775638e+03
2.689908689438327200e+16 1.012219985764314401e+03
2.714823137457625600e+16 1.012801570228974015e+03
2.739968347852816400e+16 1.013388541440020504e+03
2.765346457989085200e+16 1.013980949290527292e+03
2.790959625028349200e+16 1.014579584571627834e+03
2.816810026112491200e+16 1.015184376372347629e+03
2.842899858548578000e+16 1.015794769870233495e+03
2.869231339995508000e+16 1.016410816949274022e+03
2.895806708652559200e+16 1.017033612513360026e+03
2.922628223449687200e+16 1.017662596517380734e+03
2.949698164239404000e+16 1.018297406291373932e+03
2.977018831990735200e+16 1.018938110731690358e+03
3.004592548984673600e+16 1.019586237537613556e+03
3.032421659011619200e+16 1.020240367417796733e+03
3.060508527570660000e+16 1.020900555973861174e+03
3.088855542070496800e+16 1.021567552988650505e+03
3.117465112032556800e+16 1.022241657029494831e+03
3.146339669295662800e+16 1.022922004750710471e+03
3.175481668222792400e+16 1.023608653982457326e+03
3.204893585909756400e+16 1.024303104441486539e+03
3.234577922395605200e+16 1.025004044170406360e+03
3.264537200875323600e+16 1.025711476136966212e+03
3.294773967914155200e+16 1.026426414160436252e+03
3.325290793664118000e+16 1.027148606438409843e+03
3.356090272082522400e+16 1.027877487799192068e+03
3.387175021152312400e+16 1.028613731463955446e+03
3.418547683104784400e+16 1.029357968460808934e+03
3.450210924644032800e+16 1.030109098722866975e+03
3.482167437173672400e+16 1.030730342742543598e+03
3.514419937025670400e+16 1.030730342742543598e+03
3.546971165691078400e+16 1.030730342742543598e+03
3.579823890053262800e+16 1.030813208743814585e+03
3.612980902622934400e+16 1.031601504243338923e+03
3.646445021775571200e+16 1.032397101086334033e+03
3.680219091991044000e+16 1.033200314742768114e+03
3.714305984095231200e+16 1.034012862606803083e+03
3.748708595504258400e+16 1.034832936444341385e+03
3.783429850470608000e+16 1.035660955885563226e+03
3.818472700331751200e+16 1.036497984690804742e+03
3.853840123761070400e+16 1.037342766216702785e+03
3.889535127020880000e+16 1.038196117101471373e+03
3.925560744218180800e+16 1.039058620883107324e+03
3.961920037562389600e+16 1.039929113339495643e+03
3.998616097625689600e+16 1.040808891417898167e+03
4.035652043605801600e+16 1.041697591652490246e+03
4.073031023590934400e+16 1.042594523198384422e+03
4.110756214827607200e+16 1.043501672329939538e+03
4.148830823990536000e+16 1.044417388000786104e+03
4.187258087455272800e+16 1.045342298787213394e+03
4.226041271573363200e+16 1.046277499947219667e+03
4.265183672949808000e+16 1.047221363118980207e+03
4.304688618723509600e+16 1.048175349306089629e+03
4.344559466849899200e+16 1.049138686365728518e+03
4.384799606386435200e+16 1.050111457316576661e+03
4.425412457780738400e+16 1.051095024724921359e+03
4.466401473161148800e+16 1.052087702122449855e+03
4.507770136630401600e+16 1.053091398260342203e+03
4.549521964561585600e+16 1.054104925938954011e+03
4.591660505897108000e+16 1.055128686911881459e+03
4.634189342450432800e+16 1.056163322957003402e+03
4.677112089210334400e+16 1.057170561479663320e+03
4.720432394648432800e+16 1.057170561479663320e+03
4.764153941029117600e+16 1.057170561479663320e+03
4.808280444722608000e+16 1.057969972778554620e+03
4.852815656520939200e+16 1.059055957316403010e+03
4.897763361956555200e+16 1.060153284959966186e+03
4.943127381624364800e+16 1.061262089873257764e+03
4.988911571506278400e+16 1.062381917959738303e+03
5.035119823299044000e+16 1.063513928606661011e+03
5.081756064745133600e+16 1.064656799042054672e+03
5.128824259966373600e+16 1.065812614150558375e+03
5.176328409801189600e+16 1.066979202816734414e+03
5.224272552144452800e+16 1.068159534725538379e+03
5.272660762290809600e+16 1.069350799093909473e+03
5.321497153281062400e+16 1.070555330545974584e+03
5.370785876251764800e+16 1.071771139531690324e+03
5.420531120788150400e+16 1.073000769949921278e+03
5.470737115280129600e+16 1.074242034098919248e+03
5.521408127281788000e+16 1.075497476658988262e+03
5.572548463874113600e+16 1.076764797965007347e+03
5.624162472031076000e+16 1.078046733610127376e+03
5.676254538989217600e+16 1.079340764354032444e+03
5.728829092620436000e+16 1.080649764315182665e+03
5.781890601808445600e+16 1.081971315688505456e+03
5.835443576828616000e+16 1.083307919066786553e+03
5.889492569731323200e+16 1.084657717532690867e+03
5.944042174728976800e+16 1.086022212327829038e+03
5.999097028586387200e+16 1.087400624796313195e+03
6.054661811014989600e+16 1.088793424618164408e+03
6.110741245070598400e+16 1.090201394463916131e+03
6.167340097554850400e+16 1.091623671542089369e+03
6.224463179420485600e+16 1.093061874639120560e+03
6.282115346180128800e+16 1.094514293890821136e+03
6.340301498319116800e+16 1.095983435816588781e+03
6.399026581712017600e+16 1.097467459707775561e+03
6.458295588043007200e+16 1.098967010484933553e+03
6.518113555230272800e+16 1.100483089071324912e+03
6.578485567854084800e+16 1.102014410236656431e+03
6.639416757589091200e+16 1.103562928815828627e+03
6.700912303640491200e+16 1.105127522611167478e+03
6.762977433184244000e+16 1.106708888107888697e+03
6.825617421811494400e+16 1.108308025823096614e+03
6.888837593976837600e+16 1.109923482688720014e+03
6.952643323451009600e+16 1.111556626656621575e+03
7.017040033777640800e+16 1.112103124804895288e+03
7.082033198734224000e+16 1.112311042574392786e+03
7.147628342797516800e+16 1.113993619777173308e+03
7.213831041612948800e+16 1.115694264489955231e+03
7.280646922468665600e+16 1.117412742949350559e+03
7.348081664773836800e+16 1.119150996117193927e+03
7.416141000541369600e+16 1.120907729100738379e+03
7.484830714875264000e+16 1.122682818049191383e+03
7.554156646462166400e+16 1.124477634461896969e+03
7.624124688067779200e+16 1.126291945020741423e+03
7.694740787037734400e+16 1.128125571567846691e+03
7.766010945803075200e+16 1.129979469051841306e+03
7.837941222390612800e+16 1.131854778532650471e+03
7.910537730937654400e+16 1.133749842051779297e+03
7.983806642211851200e+16 1.135664896137443748e+03
8.057754184135683200e+16 1.137601430551435442e+03
8.132386642315801600e+16 1.139559598784770060e+03
8.207710360577452800e+16 1.141538982169800420e+03
8.283731741503496000e+16 1.143539827498691466e+03
8.360457246978777600e+16 1.145563083728668744e+03
8.437893398739347200e+16 1.147609730051852466e+03
8.516046778926792000e+16 1.149678560696649129e+03
8.594924030647849600e+16 1.151769682739060045e+03
8.674531858538881600e+16 1.153883475869243739e+03
8.754877029335904000e+16 1.156021795293804871e+03
8.835966372449736000e+16 1.159873447869483243e+03
8.917806780546465600e+16 1.163045360943989635e+03
9.000405210133483200e+16 1.165261172610674294e+03
9.083768682150564800e+16 1.167501312634321494e+03
9.167904282566811200e+16 1.169766424935998430e+03
9.252819162982924800e+16 1.172057704497478426e+03
9.338520541239056000e+16 1.174374444326155526e+03
9.425015702028486400e+16 1.176717606396218798e+03
9.512311997516604800e+16 1.179087114101396764e+03
9.600416847965995200e+16 1.181482882276762894e+03
9.689337742367132800e+16 1.183905647094549295e+03
9.779082239074913600e+16 1.186356098054825452e+03
9.869657966451280000e+16 1.188834284660586036e+03
9.961072623513393600e+16 1.191341876037202837e+03
1.005333398058823360e+17 1.193877186425814671e+03
1.014644987997302720e+17 1.196441399367364284e+03
1.024042823660180800e+17 1.199034968649136317e+03
1.033527703871837760e+17 1.201658196250988340e+03
1.043100434855504320e+17 1.204311762850746845e+03
1.052761830301809280e+17 1.206996173096585835e+03
1.062512711437939360e+17 1.211208057853997161e+03
1.072353907097439680e+17 1.215251883669309336e+03
1.082286253790683680e+17 1.218036100543418570e+03
1.092310595775950080e+17 1.220852550154511391e+03
1.102427785131203680e+17 1.223702158639239087e+03
1.112638681826517600e+17 1.226585090981086068e+03
1.122944153797168000e+17 1.229501156407899998e+03
1.133345077017426720e+17 1.232450930346962423e+03
1.143842335574993280e+17 1.235435361938717733e+03
1.154436821746160320e+17 1.238455441238898629e+03
1.165129436071654400e+17 1.243815557892156448e+03
1.175921087433177280e+17 1.247470050012496813e+03
1.186812693130680960e+17 1.250604005885144943e+03
1.197805178960310560e+17 1.253775576650539506e+03
1.208899479293116640e+17 1.256985298050394476e+03
1.220096537154472800e+17 1.260232610833498029e+03
1.231397304304228960e+17 1.264791064820926522e+03
1.242802741317631200e+17 1.269763344124688047e+03
1.254313817666942560e+17 1.273135483554439134e+03
1.265931511803867520e+17 1.276548579263032025e+03
1.277656811242717760e+17 1.280001963733642242e+03
1.289490712644345760e+17 1.284236434276090449e+03
1.301434221900882880e+17 1.290000839168679704e+03
1.313488354221209600e+17 1.293588939398229741e+03
1.325654134217270240e+17 1.297220099475055349e+03
1.337932595991160960e+17 1.300894635225552292e+03
1.350324783223023040e+17 1.305630301000952386e+03
1.362831749259779520e+17 1.311396757171140507e+03
1.375454557204636800e+17 1.315215854235578490e+03
1.388194280007472320e+17 1.319082629471904283e+03
1.401052000556029440e+17 1.324259302455035595e+03
1.414028811767960000e+17 1.330017768915219676e+03
1.427125816683743840e+17 1.334036340766679132e+03
1.440344128560416000e+17 1.339172946720916798e+03
1.453684870966216320e+17 1.345319344725328847e+03
1.467149177876088320e+17 1.349499423573552122e+03
1.480738193768061440e+17 1.354944123351665667e+03
1.494453073720558720e+17 1.361146998875899499e+03
1.508294983510539840e+17 1.365494573136090366e+03
1.522265099712621440e+17 1.371615525620512699e+03
1.536364609799077760e+17 1.377523405313476587e+03
1.550594712240772800e+17 1.383253089006465416e+03
1.564956616609054400e+17 1.389824759410861816e+03
1.579451543678532160e+17 1.395331202964641989e+03
1.594080725530871360e+17 1.402408924421161828e+03
1.608845405659511040e+17 1.407860849124014294e+03
1.623746839075358080e+17 1.415283199332672893e+03
1.638786292413490240e+17 1.420863378787512147e+03
1.653965044040780800e+17 1.428457031879919441e+03
1.669284384164588480e+17 1.434351428157460532e+03
1.684745614942418240e+17 1.441940887608612684e+03
1.700350050592600320e+17 1.450471183865428657e+03
1.716099017506026240e+17 1.455742378908003275e+03
1.731993854358853120e+17 1.464453086642174867e+03
1.748035912226319040e+17 1.473264603320831611e+03
1.764226554697578560e+17 1.481347110122536378e+03
1.780567157991602560e+17 1.487771348810177642e+03
1.797059111074186880e+17 1.496878002660763968e+03
1.813703815775971200e+17 1.505079809916110889e+03
1.830502686911626880e+17 1.513288344915896005e+03
1.847457152400107520e+17 1.521649391282416673e+03
1.864568653386018240e+17 1.530882593043148518e+03
1.881838644362143360e+17 1.540530050382626996e+03
1.899268593293033920e+17 1.550295527247594009e+03
1.916859981739816640e+17 1.560179556405384346e+03
1.934614304986120640e+17 1.569489154365167224e+03
1.952533072165169920e+17 1.580317863477027004e+03
1.970617806388092480e+17 1.590575399832810263e+03
1.988870044873336960e+17 1.600960484368361676e+03
2.007291339077373440e+17 1.611477006022767682e+03
2.025883254826556160e+17 1.621898841256314199e+03
2.044647372450214720e+17 1.632223643414980870e+03
2.063585286915015360e+17 1.642744472977656187e+03
2.082698607960485120e+17 1.653467571186477244e+03
2.101988960235875200e+17 1.664396208766758946e+03
2.121457983438247040e+17 1.675537752728526357e+03
2.141107332451841600e+17 1.686175103746343439e+03
2.160938677488780480e+17 1.698595755010609537e+03
2.180953704230981120e+17 1.711131448719068430e+03
2.201154113973479360e+17 1.723954438783629257e+03
2.221541623769028800e+17 1.736959651795698846e+03
2.242117966574046080e+17 1.749681794079997189e+03
2.262884891395947520e+17 1.761476396666402707e+03
2.283844163441762880e+17 1.773380243114579798e+03
2.304997564268216320e+17 1.787121071091841941e+03
2.326346891933150080e+17 1.801219395105588546e+03
2.347893961148351680e+17 1.813468431279679862e+03
2.369640603433845440e+17 1.824122395641523326e+03
2.391588667273513920e+17 1.834875039056055357e+03
2.413740018272262080e+17 1.846104758474133178e+03
2.436096539314581120e+17 1.857539642841365321e+03
2.458660130724590400e+17 1.870812054107835138e+03
2.481432710427603200e+17 1.885625427836635936e+03
2.504416214113092800e+17 1.900576005862075363e+03
2.527612595399268800e+17 1.919165063493426260e+03
2.551023825999126080e+17 1.938214266741629444e+03
2.574651895888030080e+17 1.957617225355372511e+03
2.598498813472911360e+17 1.977516425255205149e+03
2.622566605762916160e+17 1.997599935344999494e+03
2.646857318541747520e+17 2.000529965835366738e+03
2.671373016541547840e+17 2.000529965835366738e+03
2.696115783618392320e+17 2.000529965835366738e+03
2.721087722929461120e+17 2.000529965835366738e+03
2.746290957111746560e+17 2.000529965835366738e+03
2.771727628462520000e+17 2.000529965835366738e+03
2.797399899121418240e+17 2.000529965835366738e+03
2.823309951254218880e+17 2.000529965835366738e+03
2.849459987238369920e+17 2.000529965835366738e+03
2.875852229850124480e+17 2.000529965835366738e+03
2.902488922453525120e+17 2.000529965835366738e+03
2.929372329191082240e+17 2.000529965835366738e+03
2.956504735176213120e+17 2.000529965835366738e+03
2.983888446687527680e+17 2.000529965835366738e+03
3.011525791364794240e+17 2.000529965835366738e+03
3.039419118406837120e+17 2.000529965835366738e+03
3.067570798771207680e+17 2.000529965835366738e+03
3.095983225375706240e+17 2.000529965835366738e+03
3.124658813301834880e+17 2.000529965835366738e+03
3.153600000000000000e+17 2.000529965835366738e+03
