Time [s]                 Flux [W m-2]
3.153600000000000000e+13 2.390745833848698931e-01
3.182809245496755859e+13 2.390745833848698931e-01
3.212289032603883594e+13 2.390745833848698931e-01
3.242041867129461719e+13 2.390745833848698931e-01
3.272070278090815234e+13 2.390745833848698931e-01
3.302376817929536719e+13 2.390745833848698931e-01
3.332964062728401172e+13 2.390745833848698931e-01
3.363834612430353906e+13 2.390745833848698931e-01
3.394991091059527344e+13 2.390745833848698931e-01
3.426436146944241406e+13 2.390745833848698931e-01
3.458172452942165625e+13 2.390745833848698931e-01
3.490202706667465625e+13 2.390745833848698931e-01
3.522529630720125781e+13 2.390745833848698931e-01
3.555155972917392188e+13 2.390745833848698931e-01
3.588084506527292188e+13 2.390745833848698931e-01
3.621318030504416406e+13 2.390745833848698931e-01
3.654859369727790625e+13 2.390745833848698931e-01
3.688711375241004688e+13 2.390745833848698931e-01
3.722876924494585938e+13 2.390745833848698931e-01
3.757358921590521875e+13 2.390745833848698931e-01
3.792160297529182812e+13 2.390745833848698931e-01
3.827284010458400781e+13 2.390745833848698931e-01
3.862733045924935156e+13 2.390745833848698931e-01
3.898510417128275000e+13 2.390745833848698931e-01
3.934619165176707031e+13 2.390745833848698931e-01
3.971062359345874219e+13 2.390745833848698931e-01
4.007843097339614844e+13 2.390745833848698931e-01
4.044964505553289844e+13 2.390745833848698931e-01
4.082429739339555469e+13 2.390745833848698931e-01
4.120241983276517188e+13 2.390745833848698931e-01
4.158404451438478906e+13 2.390745833848698931e-01
4.196920387669094531e+13 2.390745833848698931e-01
4.235793065857114062e+13 2.390745833848698931e-01
4.275025790214697656e+13 2.390745833848698931e-01
4.314621895558214844e+13 2.390745833848698931e-01
4.354584747591775781e+13 2.390745833848698931e-01
4.394917743193258594e+13 2.390745833848698931e-01
4.435624310703073438e+13 2.390745833848698931e-01
4.476707910215600000e+13 2.390745833848698931e-01
4.518172033873238281e+13 2.390745833848698931e-01
4.560020206163313281e+13 2.390745833848698931e-01
4.602255984217597656e+13 2.390745833848698931e-01
4.644882958114697656e+13 2.390745833848698931e-01
4.687904751185242969e+13 2.390745833848698931e-01
4.731325020319802344e+13 2.390745833848698931e-01
4.775147456279804688e+13 2.390745833848698931e-01
4.819375784011185938e+13 2.390745833848698931e-01
4.864013762961043750e+13 2.390745833848698931e-01
4.909065187397221094e+13 2.390745833848698931e-01
4.954533886730754688e+13 2.390745833848698931e-01
5.000423725841457812e+13 2.390745833848698931e-01
5.046738605406369531e+13 2.390745833848698931e-01
5.093482462231343750e+13 2.390745833848698931e-01
5.140659269585711719e+13 2.390745833848698931e-01
5.188273037539944531e+13 2.390745833848698931e-01
5.236327813306593750e+13 2.390745833848698931e-01
5.284827681584232031e+13 2.390745833848698931e-01
5.333776764904695312e+13 2.390745833848698931e-01
5.383179223983523438e+13 2.390745833848698931e-01
5.433039258073558594e+13 2.390745833848698931e-01
5.483361105321967188e+13 2.390745833848698931e-01
5.534149043130412500e+13 2.390745833848698931e-01
5.585407388518666406e+13 2.390745833848698931e-01
5.637140498491596875e+13 2.390745833848698931e-01
5.689352770409439844e+13 2.390745833848698931e-01
5.742048642361664844e+13 2.390745833848698931e-01
5.795232593544140625e+13 2.390745833848698931e-01
5.848909144639902344e+13 2.390745833848698931e-01
5.903082858203450781e+13 2.390745833848698931e-01
5.957758339048489844e+13 2.390745833848698931e-01
6.012940234639437500e+13 2.390745833848698931e-01
6.068633235486375781e+13 2.390745833848698931e-01
6.124842075543788281e+13 2.390745833848698931e-01
6.181571532612983594e+13 2.390745833848698931e-01
6.238826428748133594e+13 2.390745833848698931e-01
6.296611630666244531e+13 2.390745833848698931e-01
6.354932050160745312e+13 2.390745833848698931e-01
6.413792644519036719e+13 2.390745833848698931e-01
6.473198416943897656e+13 2.390745833848698931e-01
6.533154416978678125e+13 2.390745833848698931e-01
6.593665740936613281e+13 2.390745833848698931e-01
6.654737532333925781e+13 2.390745833848698931e-01
6.716374982327067969e+13 2.390745833848698931e-01
6.778583330154015625e+13 2.390745833848698931e-01
6.841367863579510156e+13 2.390745833848698931e-01
6.904733919344639844e+13 2.390745833848698931e-01
6.968686883620360156e+13 2.390745833848698931e-01
7.033232192465377344e+13 2.390745833848698931e-01
7.098375332288248438e+13 2.390745833848698931e-01
7.164121840313654688e+13 2.390745833848698931e-01
7.230477305053110938e+13 2.390745833848698931e-01
7.297447366780031250e+13 2.390745833848698931e-01
7.365037718009067188e+13 2.390745833848698931e-01
7.433254103980081250e+13 2.390745833848698931e-01
7.502102323146406250e+13 2.390745833848698931e-01
7.571588227667751562e+13 2.390745833848698931e-01
7.641717723907696875e+13 2.390745833848698931e-01
7.712496772935628125e+13 2.390745833848698931e-01
7.783931391033551562e+13 2.390745833848698931e-01
7.856027650207385938e+13 2.390745833848698931e-01
7.928791678703123438e+13 2.390745833848698931e-01
8.002229661527792188e+13 2.390745833848698931e-01
8.076347840975068750e+13 2.390745833848698931e-01
8.151152517156015625e+13 2.390745833848698931e-01
8.226650048534475000e+13 2.390745833848698931e-01
8.302846852467596875e+13 2.390745833848698931e-01
8.379749405751364062e+13 2.390745833848698931e-01
8.457364245171020312e+13 2.390745833848698931e-01
8.535697968056831250e+13 2.390745833848698931e-01
8.614757232844732812e+13 2.390745833848698931e-01
8.694548759642379688e+13 2.390745833848698931e-01
8.775079330800392188e+13 2.390745833848698931e-01
8.856355791488748438e+13 2.390745833848698931e-01
8.938385050278768750e+13 2.390745833848698931e-01
9.021174079730229688e+13 2.390745833848698931e-01
9.104729916984082812e+13 2.390745833848698931e-01
9.189059664360682812e+13 2.390745833848698931e-01
9.274170489963354688e+13 2.390745833848698931e-01
9.360069628287843750e+13 2.390745833848698931e-01
9.446764380837117188e+13 2.390745833848698931e-01
9.534262116742056250e+13 2.390745833848698931e-01
9.622570273387901562e+13 2.390745833848698931e-01
9.711696357046295312e+13 2.390745833848698931e-01
9.801647943513481250e+13 2.390745833848698931e-01
9.892432678754112500e+13 2.390745833848698931e-01
9.984058279551229688e+13 2.390745833848698931e-01
1.007653253416225625e+14 2.390745833848698931e-01
1.016986330298085156e+14 2.390745833848698931e-01
1.026405851920523594e+14 2.390745833848698931e-01
1.035912618951235625e+14 2.390745833848698931e-01
1.045507439473853438e+14 2.390745833848698931e-01
1.055191129056640156e+14 2.390745833848698931e-01
1.064964510821799844e+14 2.390745833848698931e-01
1.074828415515459844e+14 2.390745833848698931e-01
1.084783681578270625e+14 2.390745833848698931e-01
1.094831155216679688e+14 2.390745833848698931e-01
1.104971690474867500e+14 2.390745833848698931e-01
1.115206149307325312e+14 2.390745833848698931e-01
1.125535401652140469e+14 2.390745833848698931e-01
1.135960325504926719e+14 2.390745833848698931e-01
1.146481806993460781e+14 2.390745833848698931e-01
1.157100740453010469e+14 2.390745833848698931e-01
1.167818028502338906e+14 2.390745833848698931e-01
1.178634582120446094e+14 2.390745833848698931e-01
1.189551320723985625e+14 2.390745833848698931e-01
1.200569172245424375e+14 2.390745833848698931e-01
1.211689073211924062e+14 2.390745833848698931e-01
1.222911968824930000e+14 2.390745833848698931e-01
1.234238813040533906e+14 2.390745833848698931e-01
1.245670568650543125e+14 2.390745833848698931e-01
1.257208207364327188e+14 2.390745833848698931e-01
1.268852709891420312e+14 2.390745833848698931e-01
1.280605066024868438e+14 2.390745833848698931e-01
1.292466274725370000e+14 2.390745833848698931e-01
1.304437344206195312e+14 2.390745833848698931e-01
1.316519292018868594e+14 2.390745833848698931e-01
1.328713145139681094e+14 2.390745833848698931e-01
1.341019940056966562e+14 2.390745833848698931e-01
1.353440722859211719e+14 2.390745833848698931e-01
1.365976549323982344e+14 2.390745833848698931e-01
1.378628485007647812e+14 2.390745833848698931e-01
1.391397605335973750e+14 2.390745833848698931e-01
1.404284995695517344e+14 2.390745833848698931e-01
1.417291751525892500e+14 2.390745833848698931e-01
1.430418978412893750e+14 2.390745833848698931e-01
1.443667792182449688e+14 2.390745833848698931e-01
1.457039318995494062e+14 2.390745833848698931e-01
1.470534695443669062e+14 2.390745833848698931e-01
1.484155068645946562e+14 2.390745833848698931e-01
1.497901596346141250e+14 2.390745833848698931e-01
1.511775447011300938e+14 2.390745833848698931e-01
1.525777799931050000e+14 2.390745833848698931e-01
1.539909845317810000e+14 2.390745833848698931e-01
1.554172784407976562e+14 2.390745833848698931e-01
1.568567829564035625e+14 2.390745833848698931e-01
1.583096204377594688e+14 2.390745833848698931e-01
1.597759143773411250e+14 2.390745833848698931e-01
1.612557894114343438e+14 2.390745833848698931e-01
1.627493713307299688e+14 2.390745833848698931e-01
1.642567870910172812e+14 2.390745833848698931e-01
1.657781648239728750e+14 2.390745833848698931e-01
1.673136338480549062e+14 2.390745833848698931e-01
1.688633246794926875e+14 2.390745833848698931e-01
1.704273690433817500e+14 2.390745833848698931e-01
1.720058998848817188e+14 2.390745833848698931e-01
1.735990513805142500e+14 2.390745833848698931e-01
1.752069589495710312e+14 2.390745833848698931e-01
1.768297592656218750e+14 2.390745833848698931e-01
1.784675902681335000e+14 2.390745833848698931e-01
1.801205911741952500e+14 2.390745833848698931e-01
1.817889024903503438e+14 2.390745833848698931e-01
1.834726660245418750e+14 2.390745833848698931e-01
1.851720248981641562e+14 2.390745833848698931e-01
1.868871235582290312e+14 2.390745833848698931e-01
1.886181077896454375e+14 2.390745833848698931e-01
1.903651247276084375e+14 2.390745833848698931e-01
1.921283228701088438e+14 2.390745833848698931e-01
1.939078520905530625e+14 2.390745833848698931e-01
1.957038636505037188e+14 2.390745833848698931e-01
1.975165102125379688e+14 2.390745833848698931e-01
1.993459458532213750e+14 2.390745833848698931e-01
2.011923260762077188e+14 2.390745833848698931e-01
2.030558078254540625e+14 2.390745833848698931e-01
2.049365494985624062e+14 2.390745833848698931e-01
2.068347109602447812e+14 2.390745833848698931e-01
2.087504535559090938e+14 2.390745833848698931e-01
2.106839401253769062e+14 2.390745833848698931e-01
2.126353350167220000e+14 2.390745833848698931e-01
2.146048041002414688e+14 2.390745833848698931e-01
2.165925147825560312e+14 2.390745833848698931e-01
2.185986360208366875e+14 2.390745833848698931e-01
2.206233383371699688e+14 2.390745833848698931e-01
2.226667938330490625e+14 2.390745833848698931e-01
2.247291762040040000e+14 2.390745833848698931e-01
2.268106607543675625e+14 2.390745833848698931e-01
2.289114244121726875e+14 2.390745833848698931e-01
2.310316457441955000e+14 2.390745833848698931e-01
2.331715049711303438e+14 2.390745833848698931e-01
2.353311839829099688e+14 2.390745833848698931e-01
2.375108663541679062e+14 2.390745833848698931e-01
2.397107373598390625e+14 2.390745833848698931e-01
2.419309839909120625e+14 2.390745833848698931e-01
2.441717949703204375e+14 2.390745833848698931e-01
2.464333607689854688e+14 2.390745833848698931e-01
2.487158736220080312e+14 2.390745833848698931e-01
2.510195275450051250e+14 2.390745833848698931e-01
2.533445183506056562e+14 2.390745833848698931e-01
2.556910436650907188e+14 2.390745833848698931e-01
2.580593029451940000e+14 2.390745833848698931e-01
2.604494974950569688e+14 2.390745833848698931e-01
2.628618304833364375e+14 2.390745833848698931e-01
2.652965069604782188e+14 2.390745833848698931e-01
2.677537338761429688e+14 2.390745833848698931e-01
2.702337200967985938e+14 2.390745833848698931e-01
2.727366764234757500e+14 2.390745833848698931e-01
2.752628156096822500e+14 2.390745833848698931e-01
2.778123523794917500e+14 2.390745833848698931e-01
2.803855034457917812e+14 2.390745833848698931e-01
2.829824875287058750e+14 2.390745833848698931e-01
2.856035253741868125e+14 2.390745833848698931e-01
2.882488397727762500e+14 2.390745833848698931e-01
2.909186555785468125e+14 2.390745833848698931e-01
2.936131997282106875e+14 2.390745833848698931e-01
2.963327012604111250e+14 2.390745833848698931e-01
2.990773913351930000e+14 2.390745833848698931e-01
3.018475032536471875e+14 2.390745833848698931e-01
3.046432724777461875e+14 2.390745833848698931e-01
3.074649366503544375e+14 2.390745833848698931e-01
3.103127356154301875e+14 2.390745833848698931e-01
3.131869114384137500e+14 2.390745833848698931e-01
3.160877084267995000e+14 2.099882559852231725e-02
3.190153731509069375e+14 2.099882559852231725e-02
3.219701544648351875e+14 2.099882559852231725e-02
3.249523035276172500e+14 2.099882559852231725e-02
3.279620738245713750e+14 2.099882559852231725e-02
3.309997211888423750e+14 2.099882559852231725e-02
3.340655038231531250e+14 2.099882559852231725e-02
3.371596823217477500e+14 2.099882559852231725e-02
3.402825196925436875e+14 2.099882559852231725e-02
3.434342813794900625e+14 2.099882559852231725e-02
3.466152352851258750e+14 2.099882559852231725e-02
3.498256517933574375e+14 2.099882559852231725e-02
3.530658037924361875e+14 2.099882559852231725e-02
3.563359666981568125e+14 2.099882559852231725e-02
3.596364184772696875e+14 2.099882559852231725e-02
3.629674396711034375e+14 2.099882559852231725e-02
3.663293134194171250e+14 2.099882559852231725e-02
3.697223254844621250e+14 2.099882559852231725e-02
3.731467642752740625e+14 2.099882559852231725e-02
3.766029208721908125e+14 2.099882559852231725e-02
3.800910890515885000e+14 2.099882559852231725e-02
3.836115653108595625e+14 2.099882559852231725e-02
3.871646488936093125e+14 2.099882559852231725e-02
3.907506418150946875e+14 2.099882559852231725e-02
3.943698488878978125e+14 2.099882559852231725e-02
3.980225777478301875e+14 2.099882559852231725e-02
4.017091388800878125e+14 2.099882559852231725e-02
4.054298456456380000e+14 2.099882559852231725e-02
4.091850143078566250e+14 2.099882559852231725e-02
4.129749640594141250e+14 2.099882559852231725e-02
4.168000170494009375e+14 2.099882559852231725e-02
4.206604984107175625e+14 2.099882559852231725e-02
4.245567362877046250e+14 2.099882559852231725e-02
4.284890618640383750e+14 2.099882559852231725e-02
4.324578093908843125e+14 2.099882559852231725e-02
4.364633162153023750e+14 2.099882559852231725e-02
4.405059228089289375e+14 2.099882559852231725e-02
4.445859727969112500e+14 2.099882559852231725e-02
4.487038129871180625e+14 2.099882559852231725e-02
4.528597933996215625e+14 2.099882559852231725e-02
4.570542672964431875e+14 2.099882559852231725e-02
4.612875912115883750e+14 2.099882559852231725e-02
4.655601249813455625e+14 2.099882559852231725e-02
4.698722317748759375e+14 2.099882559852231725e-02
4.742242781250855000e+14 2.099882559852231725e-02
4.786166339597741875e+14 2.099882559852231725e-02
4.830496726330879375e+14 2.099882559852231725e-02
4.875237709572468125e+14 2.099882559852231725e-02
4.920393092345778125e+14 2.099882559852231725e-02
4.965966712898438125e+14 2.099882559852231725e-02
5.011962445028618750e+14 2.099882559852231725e-02
5.058384198414387500e+14 2.099882559852231725e-02
5.105235918945969375e+14 2.099882559852231725e-02
5.152521589061175625e+14 2.099882559852231725e-02
5.200245228083950625e+14 2.099882559852231725e-02
5.248410892565940000e+14 2.099882559852231725e-02
5.297022676631390625e+14 2.099882559852231725e-02
5.346084712325076875e+14 2.099882559852231725e-02
5.395601169963560625e+14 2.099882559852231725e-02
5.445576258489705625e+14 2.099882559852231725e-02
5.496014225830361875e+14 2.099882559852231725e-02
5.546919359257537500e+14 2.099882559852231725e-02
5.598295985752737500e+14 2.099882559852231725e-02
5.650148472374792500e+14 2.099882559852231725e-02
5.702481226631108750e+14 2.099882559852231725e-02
5.755298696852212500e+14 2.099882559852231725e-02
5.808605372569967500e+14 2.099882559852231725e-02
5.862405784899106250e+14 2.099882559852231725e-02
5.916704506922407500e+14 2.099882559852231725e-02
5.971506154079452500e+14 2.099882559852231725e-02
6.026815384558858750e+14 2.099882559852231725e-02
6.082636899694325000e+14 2.099882559852231725e-02
6.138975444364161250e+14 2.099882559852231725e-02
6.195835807394650000e+14 2.099882559852231725e-02
6.253222821967132500e+14 2.099882559852231725e-02
6.311141366028748750e+14 2.099882559852231725e-02
6.369596362707168750e+14 2.099882559852231725e-02
6.428592780728971250e+14 2.099882559852231725e-02
6.488135634842030000e+14 2.099882559852231725e-02
6.548229986241811250e+14 2.099882559852231725e-02
6.608880943001486250e+14 2.099882559852231725e-02
6.670093660506230000e+14 2.099882559852231725e-02
6.731873341891340000e+14 2.099882559852231725e-02
6.794225238484545000e+14 2.099882559852231725e-02
6.857154650252411250e+14 2.099882559852231725e-02
6.920666926250762500e+14 2.099882559852231725e-02
6.984767465079446250e+14 2.099882559852231725e-02
7.049461715341135000e+14 2.099882559852231725e-02
7.114755176104495000e+14 2.099882559852231725e-02
7.180653397371666250e+14 2.099882559852231725e-02
7.247161980549905000e+14 2.099882559852231725e-02
7.314286578927835000e+14 2.099882559852231725e-02
7.382032898155870000e+14 2.099882559852231725e-02
7.450406696731248750e+14 2.099882559852231725e-02
7.519413786487556250e+14 2.099882559852231725e-02
7.589060033088633750e+14 2.099882559852231725e-02
7.659351356527276250e+14 2.099882559852231725e-02
7.730293731628341250e+14 2.099882559852231725e-02
7.801893188556650000e+14 2.099882559852231725e-02
7.874155813329612500e+14 2.099882559852231725e-02
7.947087748334432500e+14 2.099882559852231725e-02
8.020695192850338750e+14 2.099882559852231725e-02
8.094984403575420000e+14 2.099882559852231725e-02
8.169961695158496250e+14 2.099882559852231725e-02
8.245633440735923750e+14 2.099882559852231725e-02
8.322006072473196250e+14 2.099882559852231725e-02
8.399086082111818750e+14 2.099882559852231725e-02
8.476880021520998750e+14 2.099882559852231725e-02
8.555394503254605000e+14 2.099882559852231725e-02
8.634636201113292500e+14 2.099882559852231725e-02
8.714611850711668750e+14 2.099882559852231725e-02
8.795328250050953750e+14 2.099882559852231725e-02
8.876792260096708750e+14 2.099882559852231725e-02
8.959010805362058750e+14 2.099882559852231725e-02
9.041990874496352500e+14 2.099882559852231725e-02
9.125739520879067500e+14 2.099882559852231725e-02
9.210263863219505000e+14 2.099882559852231725e-02
9.295571086161755000e+14 2.099882559852231725e-02
9.381668440895470000e+14 2.099882559852231725e-02
9.468563245772188750e+14 2.099882559852231725e-02
9.556262886927457500e+14 2.099882559852231725e-02
9.644774818908622500e+14 2.099882559852231725e-02
9.734106565308428750e+14 2.099882559852231725e-02
9.824265719404597500e+14 2.099882559852231725e-02
9.915259944805215000e+14 2.099882559852231725e-02
1.000709697610021125e+15 2.099882559852231725e-02
1.009978461951876500e+15 2.099882559852231725e-02
1.019333075359280250e+15 2.099882559852231725e-02
1.028774332982673250e+15 2.099882559852231725e-02
1.038303037337330000e+15 2.099882559852231725e-02
1.047919998371578625e+15 2.099882559852231725e-02
1.057626033535643625e+15 2.099882559852231725e-02
1.067421967851125125e+15 2.099882559852231725e-02
1.077308633981133500e+15 2.099882559852231725e-02
1.087286872301060625e+15 2.099882559852231725e-02
1.097357530970021250e+15 2.099882559852231725e-02
1.107521466002941500e+15 2.099882559852231725e-02
1.117779541343316625e+15 2.099882559852231725e-02
1.128132628936653750e+15 2.099882559852231725e-02
1.138581608804583750e+15 2.099882559852231725e-02
1.149127369119670250e+15 2.099882559852231725e-02
1.159770806280901000e+15 2.099882559852231725e-02
1.170512824989878000e+15 2.099882559852231725e-02
1.181354338327723500e+15 2.099882559852231725e-02
1.192296267832691000e+15 2.099882559852231725e-02
1.203339543578499500e+15 2.099882559852231725e-02
1.214485104253391500e+15 2.099882559852231725e-02
1.225733897239911500e+15 2.099882559852231725e-02
1.237086878695447000e+15 2.099882559852231725e-02
1.248545013633493250e+15 2.099882559852231725e-02
1.260109276005691000e+15 2.099882559852231725e-02
1.271780648784607000e+15 2.099882559852231725e-02
1.283560124047282250e+15 2.099882559852231725e-02
1.295448703059567750e+15 2.099882559852231725e-02
1.307447396361226750e+15 2.099882559852231725e-02
1.319557223851843750e+15 2.099882559852231725e-02
1.331779214877496250e+15 2.099882559852231725e-02
1.344114408318273000e+15 2.099882559852231725e-02
1.356563852676560250e+15 2.099882559852231725e-02
1.369128606166174000e+15 2.099882559852231725e-02
1.381809736802316500e+15 2.099882559852231725e-02
1.394608322492339750e+15 2.099882559852231725e-02
1.407525451127390750e+15 2.099882559852231725e-02
1.420562220674864250e+15 1.238993804298499229e-01
1.433719739271737500e+15 1.238993804298499229e-01
1.446999125318773750e+15 1.238993804298499229e-01
1.460401507575565000e+15 1.238993804298499229e-01
1.473928025256503250e+15 1.238993804298499229e-01
1.487579828127592250e+15 1.238993804298499229e-01
1.501358076604187500e+15 1.238993804298499229e-01
1.515263941849643000e+15 1.238993804298499229e-01
1.529298605874839250e+15 1.238993804298499229e-01
1.543463261638678750e+15 1.238993804298499229e-01
1.557759113149468750e+15 1.238993804298499229e-01
1.572187375567271250e+15 1.238993804298499229e-01
1.586749275307201500e+15 1.238993804298499229e-01
1.601446050143654250e+15 1.238993804298499229e-01
1.616278949315539250e+15 1.238993804298499229e-01
1.631249233632445500e+15 1.238993804298499229e-01
1.646358175581822000e+15 1.238993804298499229e-01
1.661607059437149750e+15 1.238993804298499229e-01
1.676997181367081000e+15 1.238993804298499229e-01
1.692529849545644500e+15 1.238993804298499229e-01
1.708206384263416500e+15 1.238993804298499229e-01
1.724028118039756250e+15 1.238993804298499229e-01
1.739996395736082000e+15 1.238993804298499229e-01
1.756112574670162000e+15 1.238993804298499229e-01
1.772378024731514250e+15 1.238993804298499229e-01
1.788794128497825000e+15 1.238993804298499229e-01
1.805362281352479000e+15 1.238993804298499229e-01
1.822083891603179000e+15 1.238993804298499229e-01
1.838960380601628250e+15 1.238993804298499229e-01
1.855993182864375750e+15 1.238993804298499229e-01
1.873183746194725750e+15 1.238993804298499229e-01
1.890533531805812000e+15 1.238993804298499229e-01
1.908044014444816750e+15 1.238993804298499229e-01
1.925716682518295000e+15 1.238993804298499229e-01
1.943553038218724500e+15 1.238993804298499229e-01
1.961554597652164750e+15 1.238993804298499229e-01
1.979722890967137750e+15 1.238993804298499229e-01
1.998059462484707250e+15 1.238993804298499229e-01
2.016565870829715750e+15 1.238993804298499229e-01
2.035243689063304000e+15 1.238993804298499229e-01
2.054094504816593000e+15 1.238993804298499229e-01
2.073119920425646750e+15 1.238993804298499229e-01
2.092321553067683750e+15 1.238993804298499229e-01
2.111701034898510000e+15 1.238993804298499229e-01
2.131260013191287750e+15 1.238993804298499229e-01
2.151000150476525000e+15 1.238993804298499229e-01
2.170923124683403500e+15 1.238993804298499229e-01
2.191030629282421000e+15 1.238993804298499229e-01
2.211324373429303250e+15 1.238993804298499229e-01
2.231806082110320750e+15 1.238993804298499229e-01
2.252477496288882500e+15 1.238993804298499229e-01
2.273340373053534000e+15 1.238993804298499229e-01
2.294396485767324000e+15 1.238993804298499229e-01
2.315647624218508500e+15 1.238993804298499229e-01
2.337095594772725500e+15 1.238993804298499229e-01
2.358742220526500000e+15 1.238993804298499229e-01
2.380589341462226000e+15 1.238993804298499229e-01
2.402638814604581000e+15 1.238993804298499229e-01
2.424892514178339500e+15 1.238993804298499229e-01
2.447352331767723000e+15 1.238993804298499229e-01
2.470020176477154000e+15 1.238993804298499229e-01
2.492897975093543000e+15 1.238993804298499229e-01
2.515987672250086000e+15 1.238993804298499229e-01
2.539291230591520000e+15 1.238993804298499229e-01
2.562810630940996000e+15 1.238993804298499229e-01
2.586547872468409500e+15 1.238993804298499229e-01
2.610504972860350500e+15 1.238993804298499229e-01
2.634683968491622500e+15 1.238993804298499229e-01
2.659086914598301000e+15 1.238993804298499229e-01
2.683715885452471500e+15 1.238993804298499229e-01
2.708572974538508500e+15 1.238993804298499229e-01
2.733660294731036000e+15 1.238993804298499229e-01
2.758979978474546000e+15 1.238993804298499229e-01
2.784534177964614000e+15 1.238993804298499229e-01
2.810325065330886000e+15 1.238993804298499229e-01
2.836354832821670000e+15 1.238993804298499229e-01
2.862625692990296500e+15 1.238993804298499229e-01
2.889139878883204000e+15 1.238993804298499229e-01
2.915899644229712000e+15 1.238993804298499229e-01
2.942907263633634500e+15 1.238993804298499229e-01
2.970165032766581000e+15 1.238993804298499229e-01
2.997675268563111500e+15 1.238993804298499229e-01
3.025440309417694500e+15 1.238993804298499229e-01
3.053462515383430500e+15 1.238993804298499229e-01
3.081744268372704500e+15 1.238993804298499229e-01
3.110287972359614500e+15 1.238993804298499229e-01
3.139096053584322500e+15 1.238993804298499229e-01
3.168170960759303500e+15 1.238993804298499229e-01
3.197515165277477000e+15 1.238993804298499229e-01
3.227131161422260500e+15 1.238993804298499229e-01
3.257021466579608500e+15 1.238993804298499229e-01
3.287188621451985500e+15 1.238993804298499229e-01
3.317635190274312500e+15 1.238993804298499229e-01
3.348363761031986000e+15 1.238993804298499229e-01
3.379376945680775500e+15 1.238993804298499229e-01
3.410677380368899500e+15 1.238993804298499229e-01
3.442267725661082000e+15 1.238993804298499229e-01
3.474150666764693500e+15 1.238993804298499229e-01
3.506328913758049500e+15 1.238993804298499229e-01
3.538805201820686500e+15 1.238993804298499229e-01
3.571582291465910000e+15 1.238993804298499229e-01
3.604662968775427000e+15 1.238993804298499229e-01
3.638050045636151000e+15 1.238993804298499229e-01
3.671746359979273000e+15 1.238993804298499229e-01
3.705754776021401500e+15 1.238993804298499229e-01
3.740078184508078000e+15 1.238993804298499229e-01
3.774719502959485500e+15 1.238993804298499229e-01
3.809681675918416500e+15 1.159380666000905946e-01
3.844967675200631500e+15 1.159380666000905946e-01
3.880580500147367500e+15 1.159380666000905946e-01
3.916523177880348000e+15 1.159380666000905946e-01
3.952798763559077500e+15 1.159380666000905946e-01
3.989410340640514000e+15 1.159380666000905946e-01
4.026361021141232500e+15 1.159380666000905946e-01
4.063653945901850000e+15 1.159380666000905946e-01
4.101292284854065500e+15 1.159380666000905946e-01
4.139279237290092000e+15 1.159380666000905946e-01
4.177618032134580000e+15 1.159380666000905946e-01
4.216311928219147500e+15 1.159380666000905946e-01
4.255364214559283500e+15 1.159380666000905946e-01
4.294778210633982500e+15 1.159380666000905946e-01
4.334557266667889000e+15 1.159380666000905946e-01
4.374704763916047000e+15 1.159380666000905946e-01
4.415224114951387500e+15 1.159380666000905946e-01
4.456118763954689500e+15 1.159380666000905946e-01
4.497392187007408000e+15 1.159380666000905946e-01
4.539047892387129000e+15 1.159380666000905946e-01
4.581089420865760000e+15 1.159380666000905946e-01
4.623520346010565000e+15 1.159380666000905946e-01
4.666344274487819000e+15 1.159380666000905946e-01
4.709564846369445000e+15 1.159380666000905946e-01
4.753185735442409000e+15 1.159380666000905946e-01
4.797210649520971000e+15 1.159380666000905946e-01
4.841643330761936000e+15 1.159380666000905946e-01
4.886487555982622000e+15 1.159380666000905946e-01
4.931747136981969000e+15 1.159380666000905946e-01
4.977425920864525000e+15 1.159380666000905946e-01
5.023527790367437000e+15 1.159380666000905946e-01
5.070056664190565000e+15 1.159380666000905946e-01
5.117016497329455000e+15 1.159380666000905946e-01
5.164411281411599000e+15 1.159380666000905946e-01
5.212245045035700000e+15 1.159380666000905946e-01
5.260521854114096000e+15 1.159380666000905946e-01
5.309245812218443000e+15 1.159380666000905946e-01
5.358421060928397000e+15 1.159380666000905946e-01
5.408051780183738000e+15 1.159380666000905946e-01
5.458142188639647000e+15 1.159380666000905946e-01
5.508696544025271000e+15 1.159380666000905946e-01
5.559719143505726000e+15 1.159380666000905946e-01
5.611214324047226000e+15 1.159380666000905946e-01
5.663186462785812000e+15 1.159380666000905946e-01
5.715639977399402000e+15 1.159380666000905946e-01
5.768579326483260000e+15 1.159380666000905946e-01
5.822009009929088000e+15 1.159380666000905946e-01
5.875933569307367000e+15 1.159380666000905946e-01
5.930357588253500000e+15 1.159380666000905946e-01
5.985285692857396000e+15 1.159380666000905946e-01
6.040722552056665000e+15 1.159380666000905946e-01
6.096672878033584000e+15 1.159380666000905946e-01
6.153141426615489000e+15 1.159380666000905946e-01
6.210132997679121000e+15 1.159380666000905946e-01
6.267652435558597000e+15 1.159380666000905946e-01
6.325704629457154000e+15 1.159380666000905946e-01
6.384294513862843000e+15 1.159380666000905946e-01
6.443427068967805000e+15 1.159380666000905946e-01
6.503107321091702000e+15 1.159380666000905946e-01
6.563340343108926000e+15 1.159380666000905946e-01
6.624131254879773000e+15 1.159380666000905946e-01
6.685485223685747000e+15 1.159380666000905946e-01
6.747407464668615000e+15 1.159380666000905946e-01
6.809903241273811000e+15 1.159380666000905946e-01
6.872977865697809000e+15 1.159380666000905946e-01
6.936636699339630000e+15 1.159380666000905946e-01
7.000885153256683000e+15 1.159380666000905946e-01
7.065728688624538000e+15 1.159380666000905946e-01
7.131172817201244000e+15 1.159380666000905946e-01
7.197223101795811000e+15 1.159380666000905946e-01
7.263885156741010000e+15 1.159380666000905946e-01
7.331164648370732000e+15 1.159380666000905946e-01
7.399067295501439000e+15 1.159380666000905946e-01
7.467598869918397000e+15 1.159380666000905946e-01
7.536765196866248000e+15 1.159380666000905946e-01
7.606572155544131000e+15 1.159380666000905946e-01
7.677025679605546000e+15 1.159380666000905946e-01
7.748131757662527000e+15 1.159380666000905946e-01
7.819896433794812000e+15 1.159380666000905946e-01
7.892325808063558000e+15 1.159380666000905946e-01
7.965426037029821000e+15 1.159380666000905946e-01
8.039203334278000000e+15 1.159380666000905946e-01
8.113663970943799000e+15 1.159380666000905946e-01
8.188814276247414000e+15 1.159380666000905946e-01
8.264660638031486000e+15 1.159380666000905946e-01
8.341209503304040000e+15 1.159380666000905946e-01
8.418467378786625000e+15 1.159380666000905946e-01
8.496440831467183000e+15 1.159380666000905946e-01
8.575136489158388000e+15 1.159380666000905946e-01
8.654561041060982000e+15 1.159380666000905946e-01
8.734721238332321000e+15 1.159380666000905946e-01
8.815623894660384000e+15 1.159380666000905946e-01
8.897275886842714000e+15 1.159380666000905946e-01
8.979684155371112000e+15 1.159380666000905946e-01
9.062855705021532000e+15 1.159380666000905946e-01
9.146797605449464000e+15 1.159380666000905946e-01
9.231516991791014000e+15 1.159380666000905946e-01
9.317021065269166000e+15 1.159380666000905946e-01
9.403317093806042000e+15 1.159380666000905946e-01
9.490412412640652000e+15 1.159380666000905946e-01
9.578314424952344000e+15 1.159380666000905946e-01
9.667030602490254000e+15 1.159380666000905946e-01
9.756568486208160000e+15 1.159380666000905946e-01
9.846935686905638000e+15 1.159380666000905946e-01
9.938139885874940000e+15 1.159380666000905946e-01
1.003018883555387600e+16 1.159380666000905946e-01
1.012309036018493600e+16 1.159380666000905946e-01
1.021685235648011600e+16 1.159380666000905946e-01
1.031148279429231200e+16 1.159380666000905946e-01
1.040698971729271000e+16 1.159380666000905946e-01
1.050338124365448200e+16 1.159380666000905946e-01
1.060066556674299200e+16 1.159380666000905946e-01
1.069885095581199200e+16 1.159380666000905946e-01
1.079794575670668800e+16 1.159380666000905946e-01
1.089795839257309400e+16 1.159380666000905946e-01
1.099889736457396800e+16 1.159380666000905946e-01
1.110077125261159600e+16 1.159380666000905946e-01
1.120358871605682000e+16 1.159380666000905946e-01
1.130735849448527800e+16 1.159380666000905946e-01
1.141208940842022400e+16 1.159380666000905946e-01
1.151779036008224000e+16 1.159380666000905946e-01
1.162447033414610600e+16 1.159380666000905946e-01
1.173213839850424400e+16 1.159380666000905946e-01
1.184080370503767400e+16 1.159380666000905946e-01
1.195047549039388400e+16 1.159380666000905946e-01
1.206116307677190400e+16 1.159380666000905946e-01
1.217287587271490200e+16 1.159380666000905946e-01
1.228562337390962000e+16 1.159380666000905946e-01
1.239941516399371800e+16 1.159380666000905946e-01
1.251426091537033000e+16 1.159380666000905946e-01
1.263017039003019400e+16 1.159380666000905946e-01
1.274715344038161800e+16 1.159380666000905946e-01
1.286522001008764200e+16 1.159380666000905946e-01
1.298438013491147200e+16 1.159380666000905946e-01
1.310464394356945800e+16 1.159380666000905946e-01
1.322602165859201200e+16 1.159380666000905946e-01
1.334852359719273000e+16 1.159380666000905946e-01
1.347216017214505000e+16 1.159380666000905946e-01
1.359694189266756600e+16 1.159380666000905946e-01
1.372287936531725200e+16 1.159380666000905946e-01
1.384998329489098800e+16 1.159380666000905946e-01
1.397826448533570000e+16 1.159380666000905946e-01
1.410773384066635400e+16 1.159380666000905946e-01
1.423840236589305000e+16 1.159380666000905946e-01
1.437028116795639400e+16 1.159380666000905946e-01
1.450338145667153200e+16 1.159380666000905946e-01
1.463771454568124000e+16 1.159380666000905946e-01
1.477329185341723600e+16 1.159380666000905946e-01
1.491012490407099200e+16 1.159380666000905946e-01
1.504822532857324400e+16 1.159380666000905946e-01
1.518760486558256800e+16 1.159380666000905946e-01
1.532827536248341800e+16 1.159380666000905946e-01
1.547024877639280800e+16 1.159380666000905946e-01
1.561353717517691000e+16 1.159380666000905946e-01
1.575815273847678000e+16 1.159380666000905946e-01
1.590410775874356400e+16 1.159380666000905946e-01
1.605141464228364600e+16 1.159380666000905946e-01
1.620008591031278200e+16 1.159380666000905946e-01
1.635013420002069000e+16 1.159380666000905946e-01
1.650157226564515400e+16 1.159380666000905946e-01
1.665441297955607200e+16 1.159380666000905946e-01
1.680866933334989800e+16 1.159380666000905946e-01
1.696435443895352800e+16 1.159380666000905946e-01
1.712148152973909600e+16 1.159380666000905946e-01
1.728006396164876400e+16 1.159380666000905946e-01
1.744011521432989600e+16 1.159380666000905946e-01
1.760164889228114600e+16 1.159380666000905946e-01
1.776467872600842200e+16 1.159380666000905946e-01
1.792921857319227000e+16 1.159380666000905946e-01
1.809528241986571200e+16 1.159380666000905946e-01
1.826288438160301200e+16 1.159380666000905946e-01
1.843203870471980000e+16 1.159380666000905946e-01
1.860275976748358400e+16 1.159380666000905946e-01
1.877506208133619600e+16 1.159380666000905946e-01
1.894896029212722400e+16 1.159380666000905946e-01
1.912446918135882800e+16 1.159380666000905946e-01
1.930160366744248800e+16 1.159380666000905946e-01
1.948037880696665600e+16 1.159380666000905946e-01
1.966080979597683200e+16 1.159380666000905946e-01
1.984291197126720000e+16 1.159380666000905946e-01
2.002670081168418800e+16 1.159380666000905946e-01
2.021219193944248000e+16 1.159380666000905946e-01
2.039940112145248000e+16 1.159380666000905946e-01
2.058834427066078000e+16 6.573246144743669778e-03
2.077903744740274400e+16 6.573246144743669778e-03
2.097149686076753200e+16 6.573246144743669778e-03
2.116573886997624800e+16 6.573246144743669778e-03
2.136177998577196400e+16 6.573246144743669778e-03
2.155963687182348800e+16 6.573246144743669778e-03
2.175932634614172800e+16 6.573246144743669778e-03
2.196086538250911600e+16 6.573246144743669778e-03
2.216427111192277600e+16 6.573246144743669778e-03
2.236956082405012400e+16 6.573246144743669778e-03
2.257675196869887200e+16 6.573246144743669778e-03
2.278586215730018000e+16 6.573246144743669778e-03
2.299690916440556000e+16 6.573246144743669778e-03
2.320991092919808800e+16 6.573246144743669778e-03
2.342488555701670400e+16 6.573246144743669778e-03
2.364185132089554400e+16 6.573246144743669778e-03
2.386082666311708000e+16 6.573246144743669778e-03
2.408183019677962800e+16 6.573246144743669778e-03
2.430488070737987200e+16 6.573246144743669778e-03
2.452999715440904800e+16 6.573246144743669778e-03
2.475719867296494000e+16 6.573246144743669778e-03
2.498650457537824400e+16 6.573246144743669778e-03
2.521793435285405200e+16 6.573246144743669778e-03
2.545150767712903600e+16 6.573246144743669778e-03
2.568724440214293200e+16 6.573246144743669778e-03
2.592516456572656800e+16 6.573246144743669778e-03
2.616528839130499200e+16 6.573246144743669778e-03
2.640763628961634800e+16 6.573246144743669778e-03
2.665222886044728400e+16 6.573246144743669778e-03
2.689908689438327200e+16 6.573246144743669778e-03
2.714823137457625600e+16 6.573246144743669778e-03
2.739968347852816400e+16 6.573246144743669778e-03
2.765346457989085200e+16 6.573246144743669778e-03
2.790959625028349200e+16 6.573246144743669778e-03
2.816810026112491200e+16 6.573246144743669778e-03
2.842899858548578000e+16 6.573246144743669778e-03
2.869231339995508000e+16 6.573246144743669778e-03
2.895806708652559200e+16 6.573246144743669778e-03
2.922628223449687200e+16 6.573246144743669778e-03
2.949698164239404000e+16 6.573246144743669778e-03
2.977018831990735200e+16 6.573246144743669778e-03
3.004592548984673600e+16 6.573246144743669778e-03
3.032421659011619200e+16 6.573246144743669778e-03
3.060508527570660000e+16 6.573246144743669778e-03
3.088855542070496800e+16 6.573246144743669778e-03
3.117465112032556800e+16 6.573246144743669778e-03
3.146339669295662800e+16 6.573246144743669778e-03
3.175481668222792400e+16 6.573246144743669778e-03
3.204893585909756400e+16 6.573246144743669778e-03
3.234577922395605200e+16 6.573246144743669778e-03
3.264537200875323600e+16 6.573246144743669778e-03
3.294773967914155200e+16 6.573246144743669778e-03
3.325290793664118000e+16 6.573246144743669778e-03
3.356090272082522400e+16 6.573246144743669778e-03
3.387175021152312400e+16 6.573246144743669778e-03
3.418547683104784400e+16 6.573246144743669778e-03
3.450210924644032800e+16 6.573246144743669778e-03
3.482167437173672400e+16 6.573246144743669778e-03
3.514419937025670400e+16 6.573246144743669778e-03
3.546971165691078400e+16 6.573246144743669778e-03
3.579823890053262800e+16 6.573246144743669778e-03
3.612980902622934400e+16 6.573246144743669778e-03
3.646445021775571200e+16 6.573246144743669778e-03
3.680219091991044000e+16 6.573246144743669778e-03
3.714305984095231200e+16 6.573246144743669778e-03
3.748708595504258400e+16 6.573246144743669778e-03
3.783429850470608000e+16 6.573246144743669778e-03
3.818472700331751200e+16 6.573246144743669778e-03
3.853840123761070400e+16 6.573246144743669778e-03
3.889535127020880000e+16 6.573246144743669778e-03
3.925560744218180800e+16 6.573246144743669778e-03
3.961920037562389600e+16 6.573246144743669778e-03
3.998616097625689600e+16 6.573246144743669778e-03
4.035652043605801600e+16 6.573246144743669778e-03
4.073031023590934400e+16 6.573246144743669778e-03
4.110756214827607200e+16 6.573246144743669778e-03
4.148830823990536000e+16 6.573246144743669778e-03
4.187258087455272800e+16 6.573246144743669778e-03
4.226041271573363200e+16 6.573246144743669778e-03
4.265183672949808000e+16 6.573246144743669778e-03
4.304688618723509600e+16 6.573246144743669778e-03
4.344559466849899200e+16 6.573246144743669778e-03
4.384799606386435200e+16 6.573246144743669778e-03
4.425412457780738400e+16 6.573246144743669778e-03
4.466401473161148800e+16 6.573246144743669778e-03
4.507770136630401600e+16 6.573246144743669778e-03
4.549521964561585600e+16 6.573246144743669778e-03
4.591660505897108000e+16 6.573246144743669778e-03
4.634189342450432800e+16 6.573246144743669778e-03
4.677112089210334400e+16 6.573246144743669778e-03
4.720432394648432800e+16 6.573246144743669778e-03
4.764153941029117600e+16 6.573246144743669778e-03
4.808280444722608000e+16 6.573246144743669778e-03
4.852815656520939200e+16 6.573246144743669778e-03
4.897763361956555200e+16 6.573246144743669778e-03
4.943127381624364800e+16 6.573246144743669778e-03
4.988911571506278400e+16 6.573246144743669778e-03
5.035119823299044000e+16 6.573246144743669778e-03
5.081756064745133600e+16 6.573246144743669778e-03
5.128824259966373600e+16 6.573246144743669778e-03
5.176328409801189600e+16 6.573246144743669778e-03
5.224272552144452800e+16 6.573246144743669778e-03
5.272660762290809600e+16 6.573246144743669778e-03
5.321497153281062400e+16 6.573246144743669778e-03
5.370785876251764800e+16 6.573246144743669778e-03
5.420531120788150400e+16 6.573246144743669778e-03
5.470737115280129600e+16 6.573246144743669778e-03
5.521408127281788000e+16 6.573246144743669778e-03
5.572548463874113600e+16 6.573246144743669778e-03
5.624162472031076000e+16 6.573246144743669778e-03
5.676254538989217600e+16 6.573246144743669778e-03
5.728829092620436000e+16 6.573246144743669778e-03
5.781890601808445600e+16 6.573246144743669778e-03
5.835443576828616000e+16 6.573246144743669778e-03
5.889492569731323200e+16 6.573246144743669778e-03
5.944042174728976800e+16 6.573246144743669778e-03
5.999097028586387200e+16 6.573246144743669778e-03
6.054661811014989600e+16 6.573246144743669778e-03
6.110741245070598400e+16 6.573246144743669778e-03
6.167340097554850400e+16 6.573246144743669778e-03
6.224463179420485600e+16 6.573246144743669778e-03
6.282115346180128800e+16 6.573246144743669778e-03
6.340301498319116800e+16 6.573246144743669778e-03
6.399026581712017600e+16 6.573246144743669778e-03
6.458295588043007200e+16 6.573246144743669778e-03
6.518113555230272800e+16 6.573246144743669778e-03
6.578485567854084800e+16 6.573246144743669778e-03
6.639416757589091200e+16 6.573246144743669778e-03
6.700912303640491200e+16 6.573246144743669778e-03
6.762977433184244000e+16 6.573246144743669778e-03
6.825617421811494400e+16 6.573246144743669778e-03
6.888837593976837600e+16 6.573246144743669778e-03
6.952643323451009600e+16 6.573246144743669778e-03
7.017040033777640800e+16 6.573246144743669778e-03
7.082033198734224000e+16 6.573246144743669778e-03
7.147628342797516800e+16 6.573246144743669778e-03
7.213831041612948800e+16 6.573246144743669778e-03
7.280646922468665600e+16 6.573246144743669778e-03
7.348081664773836800e+16 6.573246144743669778e-03
7.416141000541369600e+16 6.573246144743669778e-03
7.484830714875264000e+16 6.573246144743669778e-03
7.554156646462166400e+16 6.573246144743669778e-03
7.624124688067779200e+16 6.573246144743669778e-03
7.694740787037734400e+16 6.573246144743669778e-03
7.766010945803075200e+16 6.573246144743669778e-03
7.837941222390612800e+16 6.573246144743669778e-03
7.910537730937654400e+16 6.573246144743669778e-03
7.983806642211851200e+16 6.573246144743669778e-03
8.057754184135683200e+16 6.573246144743669778e-03
8.132386642315801600e+16 6.573246144743669778e-03
8.207710360577452800e+16 6.573246144743669778e-03
8.283731741503496000e+16 6.573246144743669778e-03
8.360457246978777600e+16 6.573246144743669778e-03
8.437893398739347200e+16 6.573246144743669778e-03
8.516046778926792000e+16 6.573246144743669778e-03
8.594924030647849600e+16 6.573246144743669778e-03
8.674531858538881600e+16 6.573246144743669778e-03
8.754877029335904000e+16 6.573246144743669778e-03
8.835966372449736000e+16 6.573246144743669778e-03
8.917806780546465600e+16 6.573246144743669778e-03
9.000405210133483200e+16 6.573246144743669778e-03
9.083768682150564800e+16 6.573246144743669778e-03
9.167904282566811200e+16 6.573246144743669778e-03
9.252819162982924800e+16 6.573246144743669778e-03
9.338520541239056000e+16 6.573246144743669778e-03
9.425015702028486400e+16 6.573246144743669778e-03
9.512311997516604800e+16 6.573246144743669778e-03
9.600416847965995200e+16 6.573246144743669778e-03
9.689337742367132800e+16 6.573246144743669778e-03
9.779082239074913600e+16 6.573246144743669778e-03
9.869657966451280000e+16 6.573246144743669778e-03
9.961072623513393600e+16 6.573246144743669778e-03
1.005333398058823360e+17 6.573246144743669778e-03
1.014644987997302720e+17 6.573246144743669778e-03
1.024042823660180800e+17 6.573246144743669778e-03
1.033527703871837760e+17 6.573246144743669778e-03
1.043100434855504320e+17 6.573246144743669778e-03
1.052761830301809280e+17 6.573246144743669778e-03
1.062512711437939360e+17 6.573246144743669778e-03
1.072353907097439680e+17 6.573246144743669778e-03
1.082286253790683680e+17 6.573246144743669778e-03
1.092310595775950080e+17 6.573246144743669778e-03
1.102427785131203680e+17 6.573246144743669778e-03
1.112638681826517600e+17 6.573246144743669778e-03
1.122944153797168000e+17 6.573246144743669778e-03
1.133345077017426720e+17 6.573246144743669778e-03
1.143842335574993280e+17 6.573246144743669778e-03
1.154436821746160320e+17 6.573246144743669778e-03
1.165129436071654400e+17 6.573246144743669778e-03
1.175921087433177280e+17 6.573246144743669778e-03
1.186812693130680960e+17 6.573246144743669778e-03
1.197805178960310560e+17 6.573246144743669778e-03
1.208899479293116640e+17 6.573246144743669778e-03
1.220096537154472800e+17 6.573246144743669778e-03
1.231397304304228960e+17 6.573246144743669778e-03
1.242802741317631200e+17 6.573246144743669778e-03
1.254313817666942560e+17 6.573246144743669778e-03
1.265931511803867520e+17 6.573246144743669778e-03
1.277656811242717760e+17 6.573246144743669778e-03
1.289490712644345760e+17 6.573246144743669778e-03
1.301434221900882880e+17 6.573246144743669778e-03
1.313488354221209600e+17 6.573246144743669778e-03
1.325654134217270240e+17 6.573246144743669778e-03
1.337932595991160960e+17 6.573246144743669778e-03
1.350324783223023040e+17 6.573246144743669778e-03
1.362831749259779520e+17 6.573246144743669778e-03
1.375454557204636800e+17 6.573246144743669778e-03
1.388194280007472320e+17 6.573246144743669778e-03
1.401052000556029440e+17 6.573246144743669778e-03
1.414028811767960000e+17 6.573246144743669778e-03
1.427125816683743840e+17 6.573246144743669778e-03
1.440344128560416000e+17 6.573246144743669778e-03
1.453684870966216320e+17 6.573246144743669778e-03
1.467149177876088320e+17 6.573246144743669778e-03
1.480738193768061440e+17 6.573246144743669778e-03
1.494453073720558720e+17 6.573246144743669778e-03
1.508294983510539840e+17 6.573246144743669778e-03
1.522265099712621440e+17 6.573246144743669778e-03
1.536364609799077760e+17 6.573246144743669778e-03
1.550594712240772800e+17 6.573246144743669778e-03
1.564956616609054400e+17 6.573246144743669778e-03
1.579451543678532160e+17 6.573246144743669778e-03
1.594080725530871360e+17 6.573246144743669778e-03
1.608845405659511040e+17 6.573246144743669778e-03
1.623746839075358080e+17 6.573246144743669778e-03
1.638786292413490240e+17 6.573246144743669778e-03
1.653965044040780800e+17 6.573246144743669778e-03
1.669284384164588480e+17 6.573246144743669778e-03
1.684745614942418240e+17 6.573246144743669778e-03
1.700350050592600320e+17 6.573246144743669778e-03
1.716099017506026240e+17 6.573246144743669778e-03
1.731993854358853120e+17 6.573246144743669778e-03
1.748035912226319040e+17 6.573246144743669778e-03
1.764226554697578560e+17 6.573246144743669778e-03
1.780567157991602560e+17 6.573246144743669778e-03
1.797059111074186880e+17 6.573246144743669778e-03
1.813703815775971200e+17 6.573246144743669778e-03
1.830502686911626880e+17 6.573246144743669778e-03
1.847457152400107520e+17 6.573246144743669778e-03
1.864568653386018240e+17 6.573246144743669778e-03
1.881838644362143360e+17 6.573246144743669778e-03
1.899268593293033920e+17 6.573246144743669778e-03
1.916859981739816640e+17 6.573246144743669778e-03
1.934614304986120640e+17 6.573246144743669778e-03
1.952533072165169920e+17 6.573246144743669778e-03
1.970617806388092480e+17 6.573246144743669778e-03
1.988870044873336960e+17 6.573246144743669778e-03
2.007291339077373440e+17 6.573246144743669778e-03
2.025883254826556160e+17 6.573246144743669778e-03
2.044647372450214720e+17 6.573246144743669778e-03
2.063585286915015360e+17 6.573246144743669778e-03
2.082698607960485120e+17 6.573246144743669778e-03
2.101988960235875200e+17 6.573246144743669778e-03
2.121457983438247040e+17 6.573246144743669778e-03
2.141107332451841600e+17 6.573246144743669778e-03
2.160938677488780480e+17 6.573246144743669778e-03
2.180953704230981120e+17 6.573246144743669778e-03
2.201154113973479360e+17 6.573246144743669778e-03
2.221541623769028800e+17 6.573246144743669778e-03
2.242117966574046080e+17 6.573246144743669778e-03
2.262884891395947520e+17 6.573246144743669778e-03
2.283844163441762880e+17 6.573246144743669778e-03
2.304997564268216320e+17 6.573246144743669778e-03
2.326346891933150080e+17 6.573246144743669778e-03
2.347893961148351680e+17 6.573246144743669778e-03
2.369640603433845440e+17 6.573246144743669778e-03
2.391588667273513920e+17 6.573246144743669778e-03
2.413740018272262080e+17 6.573246144743669778e-03
2.436096539314581120e+17 6.573246144743669778e-03
2.458660130724590400e+17 6.573246144743669778e-03
2.481432710427603200e+17 6.573246144743669778e-03
2.504416214113092800e+17 6.573246144743669778e-03
2.527612595399268800e+17 6.573246144743669778e-03
2.551023825999126080e+17 6.573246144743669778e-03
2.574651895888030080e+17 6.573246144743669778e-03
2.598498813472911360e+17 6.573246144743669778e-03
2.622566605762916160e+17 6.573246144743669778e-03
2.646857318541747520e+17 6.573246144743669778e-03
2.671373016541547840e+17 6.573246144743669778e-03
2.696115783618392320e+17 6.573246144743669778e-03
2.721087722929461120e+17 6.573246144743669778e-03
2.746290957111746560e+17 6.573246144743669778e-03
2.771727628462520000e+17 6.573246144743669778e-03
2.797399899121418240e+17 6.573246144743669778e-03
2.823309951254218880e+17 6.573246144743669778e-03
2.849459987238369920e+17 6.573246144743669778e-03
2.875852229850124480e+17 6.573246144743669778e-03
2.902488922453525120e+17 6.573246144743669778e-03
2.929372329191082240e+17 6.573246144743669778e-03
2.956504735176213120e+17 6.573246144743669778e-03
2.983888446687527680e+17 6.573246144743669778e-03
3.011525791364794240e+17 6.573246144743669778e-03
3.039419118406837120e+17 6.573246144743669778e-03
3.067570798771207680e+17 6.573246144743669778e-03
3.095983225375706240e+17 6.573246144743669778e-03
3.124658813301834880e+17 6.573246144743669778e-03
3.153600000000000000e+17 6.573246144743669778e-03
