Time [s]                 Flux [W m-2]
3.153600000000000000e+13 2.459953789557670802e+02
3.182809245496755859e+13 2.431991114985596028e+02
3.212289032603883594e+13 2.404346296453172158e+02
3.242041867129461719e+13 2.377015720841675659e+02
3.272070278090815234e+13 2.349995816103321431e+02
3.302376817929536719e+13 2.323283050794342728e+02
3.332964062728401172e+13 2.296873933613380814e+02
3.363834612430353906e+13 2.270765012945297769e+02
3.394991091059527344e+13 2.244952876409977023e+02
3.426436146944241406e+13 2.219434150416372802e+02
3.458172452942165625e+13 2.194205499721514911e+02
3.490202706667465625e+13 2.169263626994709853e+02
3.522529630720125781e+13 2.144605272386512809e+02
3.555155972917392188e+13 2.120227213102708106e+02
3.588084506527292188e+13 2.096126262983027857e+02
3.621318030504416406e+13 2.072299272084831898e+02
3.654859369727790625e+13 2.048743126271346853e+02
3.688711375241004688e+13 2.025454746804689989e+02
3.722876924494585938e+13 2.002431089943417248e+02
3.757358921590521875e+13 1.979669146544829630e+02
3.792160297529182812e+13 1.957165941671552787e+02
3.827284010458400781e+13 1.934918534202833484e+02
3.862733045924935156e+13 1.912924016450075726e+02
3.898510417128275000e+13 1.891179513776829424e+02
3.934619165176707031e+13 1.869682184223095476e+02
3.971062359345874219e+13 1.848429218133827021e+02
4.007843097339614844e+13 1.827417837791806505e+02
4.044964505553289844e+13 1.806645297054556067e+02
4.082429739339555469e+13 1.786108880995379025e+02
4.120241983276517188e+13 1.765805905548614021e+02
4.158404451438478906e+13 1.745733717158773288e+02
4.196920387669094531e+13 1.725889692433745211e+02
4.235793065857114062e+13 1.706271237801934717e+02
4.275025790214697656e+13 1.686875789173232647e+02
4.314621895558214844e+13 1.667700811603981208e+02
4.354584747591775781e+13 1.648743798965618623e+02
4.394917743193258594e+13 1.630002273617090509e+02
4.435624310703073438e+13 1.611473786081114667e+02
4.476707910215600000e+13 1.593155914723979265e+02
4.518172033873238281e+13 1.575046265439070794e+02
4.560020206163313281e+13 1.557142471333916660e+02
4.602255984217597656e+13 1.539442192420914921e+02
4.644882958114697656e+13 1.521943115311451038e+02
4.687904751185242969e+13 1.504642952913569047e+02
4.731325020319802344e+13 1.487539444133002178e+02
4.775147456279804688e+13 1.470630353577730034e+02
4.819375784011185938e+13 1.453913471265764485e+02
4.864013762961043750e+13 1.437386612336336498e+02
4.909065187397221094e+13 1.421047616764291774e+02
4.954533886730754688e+13 1.404894349077849824e+02
5.000423725841457812e+13 1.388924698079456732e+02
5.046738605406369531e+13 1.373136576569878002e+02
5.093482462231343750e+13 1.357527921075361235e+02
5.140659269585711719e+13 1.342096691578013292e+02
5.188273037539944531e+13 1.326840871249138161e+02
5.236327813306593750e+13 1.311758466185610814e+02
5.284827681584232031e+13 1.296847505149343931e+02
5.333776764904695312e+13 1.282106039309605876e+02
5.383179223983523438e+13 1.267532141988336747e+02
5.433039258073558594e+13 1.253123908408291385e+02
5.483361105321967188e+13 1.238879455444153450e+02
5.534149043130412500e+13 1.224796921376371870e+02
5.585407388518666406e+13 1.210874465647859921e+02
5.637140498491596875e+13 1.197110268623397076e+02
5.689352770409439844e+13 1.183502531351867191e+02
5.742048642361664844e+13 1.170049475331109221e+02
5.795232593544140625e+13 1.156749342275441705e+02
5.848909144639902344e+13 1.143600393885916873e+02
5.903082858203450781e+13 1.130600911623090212e+02
5.957758339048489844e+13 1.117749196482429141e+02
6.012940234639437500e+13 1.105043568772220794e+02
6.068633235486375781e+13 1.092482367894094608e+02
6.124842075543788281e+13 1.080063952125949100e+02
6.181571532612983594e+13 1.067786698407400223e+02
6.238826428748133594e+13 1.055649002127615717e+02
6.296611630666244531e+13 1.043649276915648159e+02
6.354932050160745312e+13 1.031785954433065768e+02
6.413792644519036719e+13 1.020057484168989674e+02
6.473198416943897656e+13 1.008462333237412452e+02
6.533154416978678125e+13 9.969989861769037987e+01
6.593665740936613281e+13 9.856659447525093753e+01
6.654737532333925781e+13 9.744617277599506622e+01
6.716374982327067969e+13 9.633848708320029175e+01
6.778583330154015625e+13 9.524339262471538348e+01
6.841367863579510156e+13 9.416074627403648378e+01
6.904733919344639844e+13 9.309040653159846102e+01
6.968686883620360156e+13 9.203223350628594801e+01
7.033232192465377344e+13 9.098608889714668635e+01
7.098375332288248438e+13 8.995183597531669761e+01
7.164121840313654688e+13 8.892933956615085833e+01
7.230477305053110938e+13 8.791846603155289586e+01
7.297447366780031250e+13 8.691908325251364431e+01
7.365037718009067188e+13 8.593106061184101918e+01
7.433254103980081250e+13 8.495426897708669856e+01
7.502102323146406250e+13 8.398858068367289320e+01
7.571588227667751562e+13 8.303386951820409934e+01
7.641717723907696875e+13 8.209001070197196270e+01
7.712496772935628125e+13 8.115688087464764067e+01
7.783931391033551562e+13 8.023435807815621956e+01
7.856027650207385938e+13 7.932232174074103170e+01
7.928791678703123438e+13 7.842065266120316380e+01
8.002229661527792188e+13 7.752923299332022111e+01
8.076347840975068750e+13 7.664794623044790001e+01
8.151152517156015625e+13 7.577667719029095394e+01
8.226650048534475000e+13 7.491531199984714817e+01
8.302846852467596875e+13 7.406373808052819641e+01
8.379749405751364062e+13 7.322184413344328391e+01
8.457364245171020312e+13 7.238952012485394505e+01
8.535697968056831250e+13 7.156665727179037617e+01
8.614757232844732812e+13 7.075314802783742607e+01
8.694548759642379688e+13 6.994888606907599637e+01
8.775079330800392188e+13 6.915376628018800886e+01
8.856355791488748438e+13 6.836768474071570267e+01
8.938385050278768750e+13 6.759053871148294945e+01
9.021174079730229688e+13 6.682222662116507195e+01
9.104729916984082812e+13 6.606264805301492515e+01
9.189059664360682812e+13 6.531170373173638666e+01
9.274170489963354688e+13 6.456929551051257477e+01
9.360069628287843750e+13 6.383532635817608281e+01
9.446764380837117188e+13 6.310970034652829241e+01
9.534262116742056250e+13 6.239232263779968690e+01
9.622570273387901562e+13 6.168309947225787226e+01
9.711696357046295312e+13 6.098193815595178080e+01
9.801647943513481250e+13 6.028874704859529032e+01
9.892432678754112500e+13 5.960343555159310114e+01
9.984058279551229688e+13 5.892591409619758025e+01
1.007653253416225625e+14 5.825609413180293217e+01
1.016986330298085156e+14 5.759388811437220568e+01
1.026405851920523594e+14 5.693920949499365491e+01
1.035912618951235625e+14 5.629197270857174829e+01
1.045507439473853438e+14 5.565209316264262185e+01
1.055191129056640156e+14 5.501948722631665589e+01
1.064964510821799844e+14 5.439407221935078951e+01
1.074828415515459844e+14 5.377576640134063979e+01
1.084783681578270625e+14 5.316448896103759125e+01
1.094831155216679688e+14 5.256016000578741654e+01
1.104971690474867500e+14 5.196270055108673347e+01
1.115206149307325312e+14 5.137203251026249262e+01
1.125535401652140469e+14 5.078807868426489591e+01
1.135960325504926719e+14 5.021076275157642499e+01
1.146481806993460781e+14 4.964000925823927446e+01
1.157100740453010469e+14 4.907574360799203816e+01
1.167818028502338906e+14 4.851789205252089943e+01
1.178634582120446094e+14 4.796638168181932826e+01
1.189551320723985625e+14 4.742114041466128782e+01
1.200569172245424375e+14 4.688209698917916768e+01
1.211689073211924062e+14 4.634918095354884571e+01
1.222911968824930000e+14 4.582232265678411665e+01
1.234238813040533906e+14 4.530145323963191828e+01
1.245670568650543125e+14 4.478650462557329348e+01
1.257208207364327188e+14 4.427740951192451035e+01
1.268852709891420312e+14 4.377410136104292349e+01
1.280605066024868438e+14 4.327651439162917768e+01
1.292466274725370000e+14 4.278458357013046509e+01
1.304437344206195312e+14 4.229824460223936455e+01
1.316519292018868594e+14 4.181743392449280350e+01
1.328713145139681094e+14 4.134208869596308489e+01
1.341019940056966562e+14 4.087214679004537032e+01
1.353440722859211719e+14 4.040754678633651764e+01
1.365976549323982344e+14 3.994822796260960018e+01
1.378628485007647812e+14 3.949413028687660443e+01
1.391397605335973750e+14 3.904519440954143761e+01
1.404284995695517344e+14 3.860136165564498612e+01
1.417291751525892500e+14 3.816257401719513354e+01
1.430418978412893750e+14 3.772877414558558229e+01
1.443667792182449688e+14 3.729990534410079306e+01
1.457039318995494062e+14 3.687591156050462615e+01
1.470534695443669062e+14 3.645673737971629436e+01
1.484155068645946562e+14 3.604232801656676344e+01
1.497901596346141250e+14 3.563262930863759692e+01
1.511775447011300938e+14 3.522758770918382965e+01
1.525777799931050000e+14 3.482715028013429759e+01
1.539909845317810000e+14 3.443126468517308325e+01
1.554172784407976562e+14 3.403987918289951864e+01
1.568567829564035625e+14 3.365294262006461423e+01
1.583096204377594688e+14 3.327040442488706162e+01
1.597759143773411250e+14 3.289221460044281997e+01
1.612557894114343438e+14 3.251832371812977840e+01
1.627493713307299688e+14 3.214868291120919963e+01
1.642567870910172812e+14 3.178324386841782356e+01
1.657781648239728750e+14 3.142195882765426163e+01
1.673136338480549062e+14 3.106478056973551816e+01
1.688633246794926875e+14 3.071166241222710980e+01
1.704273690433817500e+14 3.036255820334100264e+01
1.720058998848817188e+14 3.001742231590290189e+01
1.735990513805142500e+14 2.967620964139041106e+01
1.752069589495710312e+14 2.933887558403639773e+01
1.768297592656218750e+14 2.900537605500072758e+01
1.784675902681335000e+14 2.867566746660813948e+01
1.801205911741952500e+14 2.834970672665050984e+01
1.817889024903503438e+14 2.802745123275643024e+01
1.834726660245418750e+14 2.770885886682130206e+01
1.851720248981641562e+14 2.739388798950421844e+01
1.868871235582290312e+14 2.708249743478484817e+01
1.886181077896454375e+14 2.677464650458339079e+01
1.903651247276084375e+14 2.647029496344159583e+01
1.921283228701088438e+14 2.616940303326325079e+01
1.939078520905530625e+14 2.587193138811653981e+01
1.957038636505037188e+14 2.557784114909358664e+01
1.975165102125379688e+14 2.528709387922843987e+01
1.993459458532213750e+14 2.499965157847469044e+01
2.011923260762077188e+14 2.471547667873812060e+01
2.030558078254540625e+14 2.443453203896684656e+01
2.049365494985624062e+14 2.415678094029725287e+01
2.068347109602447812e+14 2.388218708125411638e+01
2.087504535559090938e+14 2.361071457300728937e+01
2.106839401253769062e+14 2.334232793468047973e+01
2.126353350167220000e+14 2.307699208871343544e+01
2.146048041002414688e+14 2.281467235627851409e+01
2.165925147825560312e+14 2.255533445274747351e+01
2.185986360208366875e+14 2.229894448321091716e+01
2.206233383371699688e+14 2.204546893804756635e+01
2.226667938330490625e+14 2.179487468854572896e+01
2.247291762040040000e+14 2.154712898257271547e+01
2.268106607543675625e+14 2.130219944029456158e+01
2.289114244121726875e+14 2.106005404994334640e+01
2.310316457441955000e+14 2.082066116363439079e+01
2.331715049711303438e+14 2.058398949322921823e+01
2.353311839829099688e+14 2.035000810624664069e+01
2.375108663541679062e+14 2.011868642181923406e+01
2.397107373598390625e+14 1.988999420669754059e+01
2.419309839909120625e+14 1.966390157129793792e+01
2.441717949703204375e+14 1.944037896579647651e+01
2.464333607689854688e+14 1.921939717626614552e+01
2.487158736220080312e+14 1.900092732085962766e+01
2.510195275450051250e+14 1.878494084603401859e+01
2.533445183506056562e+14 1.857140952281848101e+01
2.556910436650907188e+14 1.836030544312571777e+01
2.580593029451940000e+14 1.815160101610395316e+01
2.604494974950569688e+14 1.794526896453044884e+01
2.628618304833364375e+14 1.774128232124730431e+01
2.652965069604782188e+14 1.753961442563633000e+01
2.677537338761429688e+14 1.734023892013469137e+01
2.702337200967985938e+14 1.714312974679017998e+01
2.727366764234757500e+14 1.694826114385494265e+01
2.752628156096822500e+14 1.675560764241930300e+01
2.778123523794917500e+14 1.656514406308261655e+01
2.803855034457917812e+14 1.637684551266195498e+01
2.829824875287058750e+14 1.619068738093946891e+01
2.856035253741868125e+14 1.600664533744530615e+01
2.882488397727762500e+14 1.582469532827795433e+01
2.909186555785468125e+14 1.564481357295992758e+01
2.936131997282106875e+14 1.546697656133048504e+01
2.963327012604111250e+14 1.529116105047238960e+01
2.990773913351930000e+14 1.511734406167435019e+01
3.018475032536471875e+14 1.494550287742726802e+01
3.046432724777461875e+14 1.477561503845585023e+01
3.074649366503544375e+14 1.460765834078272718e+01
3.103127356154301875e+14 1.444161083282668656e+01
3.131869114384137500e+14 1.427745081253317672e+01
3.160877084267995000e+14 1.411515682453860698e+01
3.190153731509069375e+14 1.395470765736569874e+01
3.219701544648351875e+14 1.379608234065141836e+01
3.249523035276172500e+14 1.363926014240575668e+01
3.279620738245713750e+14 1.348422056630276877e+01
3.309997211888423750e+14 1.333094334900141043e+01
3.340655038231531250e+14 1.317940845749683376e+01
3.371596823217477500e+14 1.302959608650278334e+01
3.402825196925436875e+14 1.288148665586263775e+01
3.434342813794900625e+14 1.273506080799043971e+01
3.466152352851258750e+14 1.259029940534100334e+01
3.498256517933574375e+14 1.244718352790826543e+01
3.530658037924361875e+14 1.230569447075310130e+01
3.563359666981568125e+14 1.216581374155831696e+01
3.596364184772696875e+14 1.202752305821143963e+01
3.629674396711034375e+14 1.189080434641589612e+01
3.663293134194171250e+14 1.175563973732832856e+01
3.697223254844621250e+14 1.162201156522328738e+01
3.731467642752740625e+14 1.148990236518443986e+01
3.766029208721908125e+14 1.135929487082157507e+01
3.800910890515885000e+14 1.123017201201457560e+01
3.836115653108595625e+14 1.110251691268165430e+01
3.871646488936093125e+14 1.097631288857431642e+01
3.907506418150946875e+14 1.085154344509641078e+01
3.943698488878978125e+14 1.072819227514849594e+01
3.980225777478301875e+14 1.060624325699618353e+01
4.017091388800878125e+14 1.048568045216358691e+01
4.054298456456380000e+14 1.036648810334985704e+01
4.091850143078566250e+14 1.024865063236989471e+01
4.129749640594141250e+14 1.013215263811798827e+01
4.168000170494009375e+14 1.001697889455542168e+01
4.206604984107175625e+14 9.903114348720125193e+00
4.245567362877046250e+14 9.790544118759465064e+00
4.284890618640383750e+14 9.679253491984871616e+00
4.324578093908843125e+14 9.569227922949423260e+00
4.364633162153023750e+14 9.460453031546537161e+00
4.405059228089289375e+14 9.352914601130288830e+00
4.445859727969112500e+14 9.246598576657795832e+00
4.487038129871180625e+14 9.141491062851944349e+00
4.528597933996215625e+14 9.037578322385376950e+00
4.570542672964431875e+14 8.934846774085130505e+00
4.612875912115883750e+14 8.833282991157314967e+00
4.655601249813455625e+14 8.732873699432696313e+00
4.698722317748759375e+14 8.633605775631574275e+00
4.742242781250855000e+14 8.535466245648379413e+00
4.786166339597741875e+14 8.438442282856415844e+00
4.830496726330879375e+14 8.342521206431163350e+00
4.875237709572468125e+14 8.247690479692995069e+00
4.920393092345778125e+14 8.153937708468719237e+00
4.965966712898438125e+14 8.061250639471428059e+00
5.011962445028618750e+14 7.969617158699417558e+00
5.058384198414387500e+14 7.879025289852707559e+00
5.105235918945969375e+14 7.789463192767577482e+00
5.152521589061175625e+14 7.700919161869468788e+00
5.200245228083950625e+14 7.613381624642832968e+00
5.248410892565940000e+14 7.526839140118751104e+00
5.297022676631390625e+14 7.441280397379385292e+00
5.346084712325076875e+14 7.356694214080025773e+00
5.395601169963560625e+14 7.273069534987405049e+00
5.445576258489705625e+14 7.190395430534615606e+00
5.496014225830361875e+14 7.108661095393009610e+00
5.546919359257537500e+14 7.027855847059712779e+00
5.598295985752737500e+14 6.947969124461513601e+00
5.650148472374792500e+14 6.868990486574604759e+00
5.702481226631108750e+14 6.790909611059744222e+00
5.755298696852212500e+14 6.713716292913533223e+00
5.808605372569967500e+14 6.637400443134203520e+00
5.862405784899106250e+14 6.561952087403391864e+00
5.916704506922407500e+14 6.487361364782296747e+00
5.971506154079452500e+14 6.413618526422932398e+00
6.026815384558858750e+14 6.340713934294023524e+00
6.082636899694325000e+14 6.268638059921129546e+00
6.138975444364161250e+14 6.197381483141605862e+00
6.195835807394650000e+14 6.126934890873249273e+00
6.253222821967132500e+14 6.057289075896949981e+00
6.311141366028748750e+14 5.988434935653631719e+00
6.369596362707168750e+14 5.920363471054357341e+00
6.428592780728971250e+14 5.853065785304228719e+00
6.488135634842030000e+14 5.786533082739632405e+00
6.548229986241811250e+14 5.720756667678483787e+00
6.608880943001486250e+14 5.655727943283995529e+00
6.670093660506230000e+14 5.591438410440956908e+00
6.731873341891340000e+14 5.527879666644768264e+00
6.794225238484545000e+14 5.465043404903537905e+00
6.857154650252411250e+14 5.402921412652188060e+00
6.920666926250762500e+14 5.341505570679178305e+00
6.984767465079446250e+14 5.280787852065170540e+00
7.049461715341135000e+14 5.220760321134187087e+00
7.114755176104495000e+14 5.161415132416260931e+00
7.180653397371666250e+14 5.102744529622139424e+00
7.247161980549905000e+14 5.044740844629375331e+00
7.314286578927835000e+14 4.987396496480385188e+00
7.382032898155870000e+14 4.930703990391454461e+00
7.450406696731248750e+14 4.874655916773273923e+00
7.519413786487556250e+14 4.819244950262363325e+00
7.589060033088633750e+14 4.764463848763893949e+00
7.659351356527276250e+14 4.710305452505013868e+00
7.730293731628341250e+14 4.656762683099148425e+00
7.801893188556650000e+14 4.603828542620721720e+00
7.874155813329612500e+14 4.551496112690776030e+00
7.947087748334432500e+14 4.499758553572631214e+00
8.020695192850338750e+14 4.448609103277840759e+00
8.094984403575420000e+14 4.398041076682636330e+00
8.169961695158496250e+14 4.348047864654044581e+00
8.245633440735923750e+14 4.298622933186164730e+00
8.322006072473196250e+14 4.249759822546043786e+00
8.399086082111818750e+14 4.201452146429614842e+00
8.476880021520998750e+14 4.153693591126882190e+00
8.555394503254605000e+14 4.106477914696800013e+00
8.634636201113292500e+14 4.059798946151327748e+00
8.714611850711668750e+14 4.013650584649099962e+00
8.795328250050953750e+14 3.968026798697958046e+00
8.876792260096708750e+14 3.922921625366546650e+00
8.959010805362058750e+14 3.878329169505168927e+00
9.041990874496352500e+14 3.834243602975174081e+00
9.125739520879067500e+14 3.790659163887293293e+00
9.210263863219505000e+14 3.747570155848450213e+00
9.295571086161755000e+14 3.704970947217440358e+00
9.381668440895470000e+14 3.662855970368765313e+00
9.468563245772188750e+14 3.621219720965012545e+00
9.556262886927457500e+14 3.580056757237335407e+00
9.644774818908622500e+14 3.539361699274403694e+00
9.734106565308428750e+14 3.499129228319137752e+00
9.824265719404597500e+14 3.459354086073592960e+00
9.915259944805215000e+14 3.420031074011737449e+00
1.000709697610021125e+15 3.381155052699901908e+00
1.009978461951876500e+15 3.342720941125239875e+00
1.019333075359280250e+15 3.304723716031558123e+00
1.028774332982673250e+15 3.267158411262713891e+00
1.038303037337330000e+15 3.230020117113707290e+00
1.047919998371578625e+15 3.193303979688913774e+00
1.057626033535643625e+15 3.157005200267610778e+00
1.067421967851125125e+15 3.121119034676953952e+00
1.077308633981133500e+15 3.085640792671817234e+00
1.087286872301060625e+15 3.050565837321816520e+00
1.097357530970021250e+15 3.015889584405295309e+00
1.107521466002941500e+15 2.981607501810077387e+00
1.117779541343316625e+15 2.947715108941281414e+00
1.128132628936653750e+15 2.914207976135614331e+00
1.138581608804583750e+15 2.881081724082473539e+00
1.149127369119670250e+15 2.848332023251485268e+00
1.159770806280901000e+15 2.815954593326786437e+00
1.170512824989878000e+15 2.783945202647525541e+00
1.181354338327723500e+15 2.752299667654724225e+00
1.192296267832691000e+15 2.721013852344634110e+00
1.203339543578499500e+15 2.690083667728098149e+00
1.214485104253391500e+15 2.659505071296065282e+00
1.225733897239911500e+15 2.629274066491374739e+00
1.237086878695447000e+15 2.599386702186326836e+00
1.248545013633493250e+15 2.569839072166299587e+00
1.260109276005691000e+15 2.540627314619236188e+00
1.271780648784607000e+15 2.511747611630833266e+00
1.283560124047282250e+15 2.483196188685670158e+00
1.295448703059567750e+15 2.454969314173803596e+00
1.307447396361226750e+15 2.427063298903100019e+00
1.319557223851843750e+15 2.399474495616979564e+00
1.331779214877496250e+15 2.372199298517852384e+00
1.344114408318273000e+15 2.345234142795785015e+00
1.356563852676560250e+15 2.318575504162533107e+00
1.369128606166174000e+15 2.292219898391036459e+00
1.381809736802316500e+15 2.266163880859963786e+00
1.394608322492339750e+15 2.240404046103545266e+00
1.407525451127390750e+15 2.214937027366409517e+00
1.420562220674864250e+15 2.189759496163670160e+00
1.433719739271737500e+15 2.164868161845823202e+00
1.446999125318773750e+15 2.140259771168703029e+00
1.460401507575565000e+15 2.115931107868221250e+00
1.473928025256503250e+15 2.091878992240110868e+00
1.487579828127592250e+15 2.068100280724279205e+00
1.501358076604187500e+15 2.044591865493980531e+00
1.515263941849643000e+15 2.021350674049567253e+00
1.529298605874839250e+15 1.998373668817019944e+00
1.543463261638678750e+15 1.975657846750874080e+00
1.557759113149468750e+15 1.953200238941763534e+00
1.572187375567271250e+15 1.930997910228325454e+00
1.586749275307201500e+15 1.909047958813677281e+00
1.601446050143654250e+15 1.887347515886108607e+00
1.616278949315539250e+15 1.865893745244089130e+00
1.631249233632445500e+15 1.844683842925675332e+00
1.646358175581822000e+15 1.823715036841976556e+00
1.661607059437149750e+15 1.802984586414864587e+00
1.676997181367081000e+15 1.782489782218800833e+00
1.692529849545644500e+15 1.762227945626661185e+00
1.708206384263416500e+15 1.742196428459732882e+00
1.724028118039756250e+15 1.722392612641560516e+00
1.739996395736082000e+15 1.702813909855724006e+00
1.756112574670162000e+15 1.683457761207639347e+00
1.772378024731514250e+15 1.664321636890057521e+00
1.788794128497825000e+15 1.645403035852452289e+00
1.805362281352479000e+15 1.626699485474085716e+00
1.822083891603179000e+15 1.608208541240920830e+00
1.838960380601628250e+15 1.589927786426089673e+00
1.855993182864375750e+15 1.571854831773991767e+00
1.873183746194725750e+15 1.553987315188104068e+00
1.890533531805812000e+15 1.536322901422205511e+00
1.908044014444816750e+15 1.518859281775192249e+00
1.925716682518295000e+15 1.501594173789285058e+00
1.943553038218724500e+15 1.484525320951791905e+00
1.961554597652164750e+15 1.467650492400137008e+00
1.979722890967137750e+15 1.450967482630315164e+00
1.998059462484707250e+15 1.434474111208590585e+00
2.016565870829715750e+15 1.418168222486589469e+00
2.035243689063304000e+15 1.402047685319515180e+00
2.054094504816593000e+15 1.386110392787633039e+00
2.073119920425646750e+15 1.370354261920857519e+00
2.092321553067683750e+15 1.354777233426578853e+00
2.111701034898510000e+15 1.339377271420484350e+00
2.131260013191287750e+15 1.324152363160439938e+00
2.151000150476525000e+15 1.309100518783494538e+00
2.170923124683403500e+15 1.294219771045766132e+00
2.191030629282421000e+15 1.279508175065336983e+00
2.211324373429303250e+15 1.264963808068073625e+00
2.231806082110320750e+15 1.250584769136281249e+00
2.252477496288882500e+15 1.236369178960321502e+00
2.273340373053534000e+15 1.222315179592958323e+00
2.294396485767324000e+15 1.208420934206499098e+00
2.315647624218508500e+15 1.194684626852784648e+00
2.337095594772725500e+15 1.181104462225809337e+00
2.358742220526500000e+15 1.167678665427088092e+00
2.380589341462226000e+15 1.154405481733690175e+00
2.402638814604581000e+15 1.141283176368863561e+00
2.424892514178339500e+15 1.128310034275368468e+00
2.447352331767723000e+15 1.115484359891248500e+00
2.470020176477154000e+15 1.102804476928289867e+00
2.492897975093543000e+15 1.090268728152896216e+00
2.515987672250086000e+15 1.077875475169501218e+00
2.539291230591520000e+15 1.065623098206443187e+00
2.562810630940996000e+15 1.053509995904228447e+00
2.586547872468409500e+15 1.041534585106290267e+00
2.610504972860350500e+15 1.029695300652047063e+00
2.634683968491622500e+15 1.017990595172313162e+00
2.659086914598301000e+15 1.006418938887113423e+00
2.683715885452471500e+15 9.949788194057090918e-01
2.708572974538508500e+15 9.836687415289405712e-01
2.733660294731036000e+15 9.724872270538160723e-01
2.758979978474546000e+15 9.614328145802815140e-01
2.784534177964614000e+15 9.505040593202741528e-01
2.810325065330886000e+15 9.396995329088297932e-01
2.836354832821670000e+15 9.290178232174518547e-01
2.862625692990296500e+15 9.184575341695189188e-01
2.889139878883204000e+15 9.080172855578283464e-01
2.915899644229712000e+15 8.976957128642130135e-01
2.942907263633634500e+15 8.874914670811724360e-01
2.970165032766581000e+15 8.774032145356047696e-01
2.997675268563111500e+15 8.674296367144760378e-01
3.025440309417694500e+15 8.575694300924723290e-01
3.053462515383430500e+15 8.478213059616741543e-01
3.081744268372704500e+15 8.381839902630973116e-01
3.110287972359614500e+15 8.286562234201826360e-01
3.139096053584322500e+15 8.192367601741787908e-01
3.168170960759303500e+15 8.099243694213629219e-01
3.197515165277477000e+15 8.007178340521782234e-01
3.227131161422260500e+15 7.916159507921404215e-01
3.257021466579608500e+15 7.826175300445521454e-01
3.287188621451985500e+15 7.737213957350651539e-01
3.317635190274312500e+15 7.649263851579493068e-01
3.348363761031986000e+15 7.562313488241119153e-01
3.379376945680775500e+15 7.476351503108983332e-01
3.410677380368899500e+15 7.391366661135398974e-01
3.442267725661082000e+15 7.307347854983201607e-01
3.474150666764693500e+15 7.224284103574099003e-01
3.506328913758049500e+15 7.142164550653237187e-01
3.538805201820686500e+15 7.060978463370665148e-01
3.571582291465910000e+15 6.980715230878331568e-01
3.604662968775427000e+15 6.901364362943338548e-01
3.638050045636151000e+15 6.822915488576938303e-01
3.671746359979273000e+15 6.745358354678845370e-01
3.705754776021401500e+15 6.668682824697572675e-01
3.740078184508078000e+15 6.592878877305157204e-01
3.774719502959485500e+15 6.517936605087784052e-01
3.809681675918416500e+15 6.443846213250739030e-01
3.844967675200631500e+15 6.370598018338091695e-01
3.880580500147367500e+15 6.298182446967410808e-01
3.916523177880348000e+15 6.226590034578326494e-01
3.952798763559077500e+15 6.155811424195589687e-01
3.989410340640514000e+15 6.085837365206185900e-01
4.026361021141232500e+15 6.016658712150092514e-01
4.063653945901850000e+15 5.948266423525294666e-01
4.101292284854065500e+15 5.880651560605880679e-01
4.139279237290092000e+15 5.813805286273858730e-01
4.177618032134580000e+15 5.747718863863982008e-01
4.216311928219147500e+15 5.682383656022170770e-01
4.255364214559283500e+15 5.617791123576477696e-01
4.294778210633982500e+15 5.553932824420904080e-01
4.334557266667889000e+15 5.490800412412315534e-01
4.374704763916047000e+15 5.428385636279469129e-01
4.415224114951387500e+15 5.366680338544465023e-01
4.456118763954689500e+15 5.305676454456847990e-01
4.497392187007408000e+15 5.245366010939380708e-01
4.539047892387129000e+15 5.185741125546028396e-01
4.581089420865760000e+15 5.126794005431777324e-01
4.623520346010565000e+15 5.068516946333959661e-01
4.666344274487819000e+15 5.010902331565578738e-01
4.709564846369445000e+15 4.953942631019654375e-01
4.753185735442409000e+15 4.897630400185090660e-01
4.797210649520971000e+15 4.841958279173743662e-01
4.841643330761936000e+15 4.786918991758330466e-01
4.886487555982622000e+15 4.732505344421690796e-01
4.931747136981969000e+15 4.678710225416480295e-01
4.977425920864525000e+15 4.625526603835570794e-01
5.023527790367437000e+15 4.572947528693394048e-01
5.070056664190565000e+15 4.520966128017155916e-01
5.117016497329455000e+15 4.469575607948952922e-01
5.164411281411599000e+15 4.418769251857673774e-01
5.212245045035700000e+15 4.368540419461190427e-01
5.260521854114096000e+15 4.318882545958523389e-01
5.309245812218443000e+15 4.269789141171693170e-01
5.358421060928397000e+15 4.221253788697681419e-01
5.408051780183738000e+15 4.173270145069678527e-01
5.458142188639647000e+15 4.125831938928041231e-01
5.508696544025271000e+15 4.078932970200673247e-01
5.559719143505726000e+15 4.032567109292556351e-01
5.611214324047226000e+15 3.986728296284822726e-01
5.663186462785812000e+15 3.941410540142639141e-01
5.715639977399402000e+15 3.896607917932093379e-01
5.768579326483260000e+15 3.852314574046272755e-01
5.822009009929088000e+15 3.808524719439854156e-01
5.875933569307367000e+15 3.765232630872389907e-01
5.930357588253500000e+15 3.722432650160487078e-01
5.985285692857396000e+15 3.680119183438163022e-01
6.040722552056665000e+15 3.638286700425804598e-01
6.096672878033584000e+15 3.596929733707251997e-01
6.153141426615489000e+15 3.556042878015397424e-01
6.210132997679121000e+15 3.515620789525610301e-01
6.267652435558597000e+15 3.475658185157338154e-01
6.325704629457154000e+15 3.436149841883650580e-01
6.384294513862843000e+15 3.397090596048485400e-01
6.443427068967805000e+15 3.358475342691941701e-01
6.503107321091702000e+15 3.320299034882984723e-01
6.563340343108926000e+15 3.282556683059740799e-01
6.624131254879773000e+15 3.245243354377541634e-01
6.685485223685747000e+15 3.208354172064120657e-01
6.747407464668615000e+15 3.171884314782159597e-01
6.809903241273811000e+15 3.135829015999303526e-01
6.872977865697809000e+15 3.100183563365079831e-01
6.936636699339630000e+15 3.064943298095056945e-01
7.000885153256683000e+15 3.030103614361849274e-01
7.065728688624538000e+15 2.995659958693300262e-01
7.131172817201244000e+15 2.961607829377245760e-01
7.197223101795811000e+15 2.927942775873181858e-01
7.263885156741010000e+15 2.894660398230607390e-01
7.331164648370732000e+15 2.861756346513868454e-01
7.399067295501439000e+15 2.829226320233770298e-01
7.467598869918397000e+15 2.797066067785422550e-01
7.536765196866248000e+15 2.765271385892603129e-01
7.606572155544131000e+15 2.733838119058314975e-01
7.677025679605546000e+15 2.702762159021825372e-01
7.748131757662527000e+15 2.672039444221546156e-01
7.819896433794812000e+15 2.641665959264355434e-01
7.892325808063558000e+15 2.611637734400701349e-01
7.965426037029821000e+15 2.581950845005808737e-01
8.039203334278000000e+15 2.552601411066656167e-01
8.113663970943799000e+15 2.523585596674992604e-01
8.188814276247414000e+15 2.494899609525906004e-01
8.264660638031486000e+15 2.466539700422201720e-01
8.341209503304040000e+15 2.438502162784406402e-01
8.418467378786625000e+15 2.410783332166250292e-01
8.496440831467183000e+15 2.383379585775848297e-01
8.575136489158388000e+15 2.356287342002150453e-01
8.654561041060982000e+15 2.329503059946773924e-01
8.734721238332321000e+15 2.303023238961333097e-01
8.815623894660384000e+15 2.276844418189852004e-01
8.897275886842714000e+15 2.250963176116383968e-01
8.979684155371112000e+15 2.225376130117937001e-01
9.062855705021532000e+15 2.200079936022299176e-01
9.146797605449464000e+15 2.175071287670997944e-01
9.231516991791014000e+15 2.150346916487121396e-01
9.317021065269166000e+15 2.125903591048229346e-01
9.403317093806042000e+15 2.101738116663942058e-01
9.490412412640652000e+15 2.077847334958417835e-01
9.578314424952344000e+15 2.054228123457579047e-01
9.667030602490254000e+15 2.030877395180940570e-01
9.756568486208160000e+15 2.007792098238253276e-01
9.846935686905638000e+15 1.984969215430558709e-01
9.938139885874940000e+15 1.962405763855880059e-01
1.003018883555387600e+16 1.940098794519300451e-01
1.012309036018493600e+16 1.918045391947631739e-01
1.021685235648011600e+16 1.896242673808318790e-01
1.031148279429231200e+16 1.874687790532678922e-01
1.040698971729271000e+16 1.853377924943564459e-01
1.050338124365448200e+16 1.832310291887113418e-01
1.060066556674299200e+16 1.811482137868694053e-01
1.069885095581199200e+16 1.790890740693116545e-01
1.079794575670668800e+16 1.770533409108791256e-01
1.089795839257309400e+16 1.750407482455999253e-01
1.099889736457396800e+16 1.730510330319166568e-01
1.110077125261159600e+16 1.710839352183016748e-01
1.120358871605682000e+16 1.691391977092773502e-01
1.130735849448527800e+16 1.672165663318087858e-01
1.141208940842022400e+16 1.653157898020864436e-01
1.151779036008224000e+16 1.634366196926786141e-01
1.162447033414610600e+16 1.615788104000707159e-01
1.173213839850424400e+16 1.597421191125610596e-01
1.184080370503767400e+16 1.579263057785222357e-01
1.195047549039388400e+16 1.561311330750346782e-01
1.206116307677190400e+16 1.543563663768649230e-01
1.217287587271490200e+16 1.526017737257971685e-01
1.228562337390962000e+16 1.508671258003240756e-01
1.239941516399371800e+16 1.491521958856701635e-01
1.251426091537033000e+16 1.474567598441617333e-01
1.263017039003019400e+16 1.457805960859338557e-01
1.274715344038161800e+16 1.441234855399641801e-01
1.286522001008764200e+16 1.424852116254481660e-01
1.298438013491147200e+16 1.408655602234875071e-01
1.310464394356945800e+16 1.392643196491063773e-01
1.322602165859201200e+16 1.376812806235859776e-01
1.334852359719273000e+16 1.361162362471076137e-01
1.347216017214505000e+16 1.345689819717192925e-01
1.359694189266756600e+16 1.330393155745927258e-01
1.372287936531725200e+16 1.315270371316009934e-01
1.384998329489098800e+16 1.300319489911856141e-01
1.397826448533570000e+16 1.285538557485207123e-01
1.410773384066635400e+16 1.270925642199803585e-01
1.423840236589305000e+16 1.256478834178857695e-01
1.437028116795639400e+16 1.242196245255445114e-01
1.450338145667153200e+16 1.228076008725736967e-01
1.463771454568124000e+16 1.214116279104984625e-01
1.477329185341723600e+16 1.200315231886379952e-01
1.491012490407099200e+16 1.186671063302555396e-01
1.504822532857324400e+16 1.173181990089845195e-01
1.518760486558256800e+16 1.159846249255227085e-01
1.532827536248341800e+16 1.146662097845863731e-01
1.547024877639280800e+16 1.133627812721360734e-01
1.561353717517691000e+16 1.120741690328525969e-01
1.575815273847678000e+16 1.108002046478692298e-01
1.590410775874356400e+16 1.095407216127661371e-01
1.605141464228364600e+16 1.082955553158013590e-01
1.620008591031278200e+16 1.070645430164026968e-01
1.635013420002069000e+16 1.058475238238942573e-01
1.650157226564515400e+16 1.046443386764693145e-01
1.665441297955607200e+16 1.034548303204021330e-01
1.680866933334989800e+16 1.022788432894917721e-01
1.696435443895352800e+16 1.011162238847481687e-01
1.712148152973909600e+16 9.996682015430058410e-02
1.728006396164876400e+16 9.883048187353862812e-02
1.744011521432989600e+16 9.770706052547907527e-02
1.760164889228114600e+16 9.659640928135172777e-02
1.776467872600842200e+16 9.549838298141419268e-02
1.792921857319227000e+16 9.441283811597714348e-02
1.809528241986571200e+16 9.333963280664579754e-02
1.826288438160301200e+16 9.227862678778132877e-02
1.843203870471980000e+16 9.122968138816597850e-02
1.860275976748358400e+16 9.019265951287699923e-02
1.877506208133619600e+16 8.916742562537295635e-02
1.894896029212722400e+16 8.815384572977649769e-02
1.912446918135882800e+16 8.715178735336280569e-02
1.930160366744248800e+16 8.616111952924285222e-02
1.948037880696665600e+16 8.518171277925057350e-02
1.966080979597683200e+16 8.421343909701754782e-02
1.984291197126720000e+16 8.325617193124344728e-02
2.002670081168418800e+16 8.230978616915682333e-02
2.021219193944248000e+16 8.137415812016041139e-02
2.039940112145248000e+16 8.044916549966905917e-02
2.058834427066078000e+16 7.953468741312534618e-02
2.077903744740274400e+16 7.863060434019704392e-02
2.097149686076753200e+16 7.773679811915992777e-02
2.116573886997624800e+16 7.685315193145228485e-02
2.136177998577196400e+16 7.597955028640521191e-02
2.155963687182348800e+16 7.511587900615186719e-02
2.175932634614172800e+16 7.426202521070228435e-02
2.196086538250911600e+16 7.341787730319140892e-02
2.216427111192277600e+16 7.258332495529108697e-02
2.236956082405012400e+16 7.175825909279416603e-02
2.257675196869887200e+16 7.094257188135626169e-02
2.278586215730018000e+16 7.013615671240258642e-02
2.299690916440556000e+16 6.933890818919508092e-02
2.320991092919808800e+16 6.855072211305497654e-02
2.342488555701670400e+16 6.777149546974768624e-02
2.364185132089554400e+16 6.700112641601674301e-02
2.386082666311708000e+16 6.623951426627426586e-02
2.408183019677962800e+16 6.548655947943934907e-02
2.430488070737987200e+16 6.474216364593211870e-02
2.452999715440904800e+16 6.400622947480741343e-02
2.475719867296494000e+16 6.327866078104288361e-02
2.498650457537824400e+16 6.255936247296564612e-02
2.521793435285405200e+16 6.184824053982506536e-02
2.545150767712903600e+16 6.114520203950368771e-02
2.568724440214293200e+16 6.045015508637298363e-02
2.592516456572656800e+16 5.976300883928203911e-02
2.616528839130499200e+16 5.908367348968535104e-02
2.640763628961634800e+16 5.841206024990547307e-02
2.665222886044728400e+16 5.774808134152678574e-02
2.689908689438327200e+16 5.709164998392588647e-02
2.714823137457625600e+16 5.644268038292765688e-02
2.739968347852816400e+16 5.580108771959307878e-02
2.765346457989085200e+16 5.516678813913171442e-02
2.790959625028349200e+16 5.453969873994485990e-02
2.816810026112491200e+16 5.391973756278908847e-02
2.842899858548578000e+16 5.330682358006299387e-02
2.869231339995508000e+16 5.270087668521977048e-02
2.895806708652559200e+16 5.210181768229606852e-02
2.922628223449687200e+16 5.150956827555960155e-02
2.949698164239404000e+16 5.092405105928071718e-02
2.977018831990735200e+16 5.034518950760968892e-02
3.004592548984673600e+16 4.977290796457962962e-02
3.032421659011619200e+16 4.920713163421667341e-02
3.060508527570660000e+16 4.864778657076315738e-02
3.088855542070496800e+16 4.809479966901546860e-02
3.117465112032556800e+16 4.754809865476770231e-02
3.146339669295662800e+16 4.700761207536643255e-02
3.175481668222792400e+16 4.647326929037039894e-02
3.204893585909756400e+16 4.594500046232029983e-02
3.234577922395605200e+16 4.542273654761002505e-02
3.264537200875323600e+16 4.490640928746165994e-02
3.294773967914155200e+16 4.439595119900648784e-02
3.325290793664118000e+16 4.389129556646394204e-02
3.356090272082522400e+16 4.339237643242064429e-02
3.387175021152312400e+16 4.289912858921376970e-02
3.418547683104784400e+16 4.241148757040363176e-02
3.450210924644032800e+16 4.192938964235189137e-02
3.482167437173672400e+16 4.145277179589031830e-02
3.514419937025670400e+16 4.098157173808426867e-02
3.546971165691078400e+16 4.051572788409486814e-02
3.579823890053262800e+16 4.005517934912528055e-02
3.612980902622934400e+16 3.959986594046719516e-02
3.646445021775571200e+16 3.914972814963081638e-02
3.680219091991044000e+16 3.870470714456951400e-02
3.714305984095231200e+16 3.826474476198959973e-02
3.748708595504258400e+16 3.782978349974759624e-02
3.783429850470608000e+16 3.739976650933669183e-02
3.818472700331751200e+16 3.697463758845583731e-02
3.853840123761070400e+16 3.655434117366300473e-02
3.889535127020880000e+16 3.613882233311649372e-02
3.925560744218180800e+16 3.572802675939124040e-02
3.961920037562389600e+16 3.532190076238424931e-02
3.998616097625689600e+16 3.492039126229621454e-02
4.035652043605801600e+16 3.452344578269295888e-02
4.073031023590934400e+16 3.413101244365003561e-02
4.110756214827607200e+16 3.374303995496811398e-02
4.148830823990536000e+16 3.335947760947261670e-02
4.187258087455272800e+16 3.298027527638522360e-02
4.226041271573363200e+16 3.260538339477112718e-02
4.265183672949808000e+16 3.223475296706337923e-02
4.304688618723509600e+16 3.186833555265686929e-02
4.344559466849899200e+16 3.150608326157913752e-02
4.384799606386435200e+16 3.114794874823040294e-02
4.425412457780738400e+16 3.079388520519464253e-02
4.466401473161148800e+16 3.044384635712469103e-02
4.507770136630401600e+16 3.009778645469067190e-02
4.549521964561585600e+16 2.975566026860339622e-02
4.591660505897108000e+16 2.941742308370197401e-02
4.634189342450432800e+16 2.908303069310869474e-02
4.677112089210334400e+16 2.875243939245393510e-02
4.720432394648432800e+16 2.842560597416071352e-02
4.764153941029117600e+16 2.810248772180020879e-02
4.808280444722608000e+16 2.778304240450782045e-02
4.852815656520939200e+16 2.746722827146303239e-02
4.897763361956555200e+16 2.715500404643402671e-02
4.943127381624364800e+16 2.684632892238228430e-02
4.988911571506278400e+16 2.654116255612853567e-02
5.035119823299044000e+16 2.623946506308152959e-02
5.081756064745133600e+16 2.594119701202325309e-02
5.128824259966373600e+16 2.564631941995791642e-02
5.176328409801189600e+16 2.535479374701398933e-02
5.224272552144452800e+16 2.506658189140945417e-02
5.272660762290809600e+16 2.478164618447091863e-02
5.321497153281062400e+16 2.449994938571061973e-02
5.370785876251764800e+16 2.422145467795937257e-02
5.420531120788150400e+16 2.394612566255383684e-02
5.470737115280129600e+16 2.367392635458049482e-02
5.521408127281788000e+16 2.340482117817189317e-02
5.572548463874113600e+16 2.313877496185638011e-02
5.624162472031076000e+16 2.287575293396243437e-02
5.676254538989217600e+16 2.261572071807347456e-02
5.728829092620436000e+16 2.235864432853441539e-02
5.781890601808445600e+16 2.210449016601090388e-02
5.835443576828616000e+16 2.185322501309722512e-02
5.889492569731323200e+16 2.160481602997522954e-02
5.944042174728976800e+16 2.135923075012150646e-02
5.999097028586387200e+16 2.111643707606517678e-02
6.054661811014989600e+16 2.087640327519208264e-02
6.110741245070598400e+16 2.063909797559759091e-02
6.167340097554850400e+16 2.040449016198651877e-02
6.224463179420485600e+16 2.017254917161884209e-02
6.282115346180128800e+16 1.994324469030312602e-02
6.340301498319116800e+16 1.971654674843403149e-02
6.399026581712017600e+16 1.949242571707486202e-02
6.458295588043007200e+16 1.927085230408611197e-02
6.518113555230272800e+16 1.905179755029653629e-02
6.578485567854084800e+16 1.883523282571779311e-02
6.639416757589091200e+16 1.862112982580351253e-02
6.700912303640491200e+16 1.840946056774930839e-02
6.762977433184244000e+16 1.820019738683581120e-02
6.825617421811494400e+16 1.799331293281233868e-02
6.888837593976837600e+16 1.778878016632317455e-02
6.952643323451009600e+16 1.758657235537298621e-02
7.017040033777640800e+16 1.738666307183316800e-02
7.082033198734224000e+16 1.718902618798785753e-02
7.147628342797516800e+16 1.699363587311857396e-02
7.213831041612948800e+16 1.680046659012899429e-02
7.280646922468665600e+16 1.660949309220679723e-02
7.348081664773836800e+16 1.642069041952420178e-02
7.416141000541369600e+16 1.623403389597523339e-02
7.484830714875264000e+16 1.604949912595157388e-02
7.554156646462166400e+16 1.586706199115300517e-02
7.624124688067779200e+16 1.568669864743615916e-02
7.694740787037734400e+16 1.550838552169759091e-02
7.766010945803075200e+16 1.533209930879309187e-02
7.837941222390612800e+16 1.515781696849124310e-02
7.910537730937654400e+16 1.498551572246287558e-02
7.983806642211851200e+16 1.481517305130347802e-02
8.057754184135683200e+16 1.464676669159008585e-02
8.132386642315801600e+16 1.448027463297162261e-02
8.207710360577452800e+16 1.431567511529171534e-02
8.283731741503496000e+16 1.415294662574540126e-02
8.360457246978777600e+16 1.399206789606697796e-02
8.437893398739347200e+16 1.383301789975051495e-02
8.516046778926792000e+16 1.367577584930128320e-02
8.594924030647849600e+16 1.352032119351955289e-02
8.674531858538881600e+16 1.336663361481425609e-02
8.754877029335904000e+16 1.321469302654718243e-02
8.835966372449736000e+16 1.306447957040838062e-02
8.917806780546465600e+16 1.291597361382035986e-02
9.000405210133483200e+16 1.276915574737185789e-02
9.083768682150564800e+16 1.262400678228170654e-02
9.167904282566811200e+16 1.248050774789046143e-02
9.252819162982924800e+16 1.233863988918110395e-02
9.338520541239056000e+16 1.219838466432788225e-02
9.425015702028486400e+16 1.205972374227254514e-02
9.512311997516604800e+16 1.192263900032911050e-02
9.600416847965995200e+16 1.178711252181486278e-02
9.689337742367132800e+16 1.165312659370888564e-02
9.779082239074913600e+16 1.152066370433661724e-02
9.869657966451280000e+16 1.138970654108169105e-02
9.961072623513393600e+16 1.126023798812292136e-02
1.005333398058823360e+17 1.113224112419703045e-02
1.014644987997302720e+17 1.100569922038762555e-02
1.024042823660180800e+17 1.088059573793848794e-02
1.033527703871837760e+17 1.075691432609172937e-02
1.043100434855504320e+17 1.063463881995131699e-02
1.052761830301809280e+17 1.051375323836999803e-02
1.062512711437939360e+17 1.039424178186068581e-02
1.072353907097439680e+17 1.027608883053159408e-02
1.082286253790683680e+17 1.015927894204439810e-02
1.092310595775950080e+17 1.004379684959647544e-02
1.102427785131203680e+17 9.929627459925217600e-03
1.112638681826517600e+17 9.816755851335465591e-03
1.122944153797168000e+17 9.705167271749358046e-03
1.133345077017426720e+17 9.594847136777931093e-03
1.143842335574993280e+17 9.485781027815543692e-03
1.154436821746160320e+17 9.377954690154760575e-03
1.165129436071654400e+17 9.271354031123840364e-03
1.175921087433177280e+17 9.165965118244610160e-03
1.186812693130680960e+17 9.061774177411307737e-03
1.197805178960310560e+17 8.958767591090779914e-03
1.208899479293116640e+17 8.856931896542401261e-03
1.220096537154472800e+17 8.756253784058599596e-03
1.231397304304228960e+17 8.656720095225370684e-03
1.242802741317631200e+17 8.558317821202227060e-03
1.254313817666942560e+17 8.461034101022385859e-03
1.265931511803867520e+17 8.364856219911596252e-03
1.277656811242717760e+17 8.269771607626402732e-03
1.289490712644345760e+17 8.175767836811320341e-03
1.301434221900882880e+17 8.082832621374326856e-03
1.313488354221209600e+17 7.990953814881511519e-03
1.325654134217270240e+17 7.900119408969345086e-03
1.337932595991160960e+17 7.810317531775033510e-03
1.350324783223023040e+17 7.721536446385330807e-03
1.362831749259779520e+17 7.633764549302049507e-03
1.375454557204636800e+17 7.546990368925938358e-03
1.388194280007472320e+17 7.461202564057130109e-03
1.401052000556029440e+17 7.376389922412926112e-03
1.414028811767960000e+17 7.292541359162432041e-03
1.427125816683743840e+17 7.209645915477565052e-03
1.440344128560416000e+17 7.127692757101108077e-03
1.453684870966216320e+17 7.046671172930459026e-03
1.467149177876088320e+17 6.966570573617776596e-03
1.480738193768061440e+17 6.887380490186023954e-03
1.494453073720558720e+17 6.809090572660477479e-03
1.508294983510539840e+17 6.731690588716338942e-03
1.522265099712621440e+17 6.655170422341226411e-03
1.536364609799077760e+17 6.579520072512871735e-03
1.550594712240772800e+17 6.504729651892332543e-03
1.564956616609054400e+17 6.430789385531569466e-03
1.579451543678532160e+17 6.357689609595736438e-03
1.594080725530871360e+17 6.285420770100440778e-03
1.608845405659511040e+17 6.213973421662858515e-03
1.623746839075358080e+17 6.143338226267338123e-03
1.638786292413490240e+17 6.073505952044744999e-03
1.653965044040780800e+17 6.004467472066174656e-03
1.669284384164588480e+17 5.936213763149884512e-03
1.684745614942418240e+17 5.868735904682031469e-03
1.700350050592600320e+17 5.802025077450815443e-03
1.716099017506026240e+17 5.736072562493635049e-03
1.731993854358853120e+17 5.670869739957827040e-03
1.748035912226319040e+17 5.606408087973923510e-03
1.764226554697578560e+17 5.542679181541720901e-03
1.780567157991602560e+17 5.479674691429435758e-03
1.797059111074186880e+17 5.417386383084945439e-03
1.813703815775971200e+17 5.355806115559419087e-03
1.830502686911626880e+17 5.294925840443582589e-03
1.847457152400107520e+17 5.234737600815627875e-03
1.864568653386018240e+17 5.175233530201347673e-03
1.881838644362143360e+17 5.116405851545834799e-03
1.899268593293033920e+17 5.058246876197294156e-03
1.916859981739816640e+17 5.000749002901978650e-03
1.934614304986120640e+17 4.943904716810766826e-03
1.952533072165169920e+17 4.887706588497030095e-03
1.970617806388092480e+17 4.832147272985455599e-03
1.988870044873336960e+17 4.777219508792321725e-03
2.007291339077373440e+17 4.722916116976311196e-03
2.025883254826556160e+17 4.669230000200124547e-03
2.044647372450214720e+17 4.616154141803108235e-03
2.063585286915015360e+17 4.563681604884074240e-03
2.082698607960485120e+17 4.511805531394546230e-03
2.101988960235875200e+17 4.460519141242657790e-03
2.121457983438247040e+17 4.409815731406855309e-03
2.141107332451841600e+17 4.359688675059901659e-03
2.160938677488780480e+17 4.310131420702623811e-03
2.180953704230981120e+17 4.261137491307856288e-03
2.201154113973479360e+17 4.212700483473764274e-03
2.221541623769028800e+17 4.164814066586973972e-03
2.242117966574046080e+17 4.117471981995202319e-03
2.262884891395947520e+17 4.070668042189134507e-03
2.283844163441762880e+17 4.024396129993927478e-03
2.304997564268216320e+17 3.978650197769577866e-03
2.326346891933150080e+17 3.933424266620571576e-03
2.347893961148351680e+17 3.888712425614326666e-03
2.369640603433845440e+17 3.844508831008840687e-03
2.391588667273513920e+17 3.800807705488827744e-03
2.413740018272262080e+17 3.757603337410543934e-03
2.436096539314581120e+17 3.714890080055475909e-03
2.458660130724590400e+17 3.672662350892228183e-03
2.481432710427603200e+17 3.630914630846813866e-03
2.504416214113092800e+17 3.589641463581500630e-03
2.527612595399268800e+17 3.548837454781561367e-03
2.551023825999126080e+17 3.508497271450275630e-03
2.574651895888030080e+17 3.468615641211950269e-03
2.598498813472911360e+17 3.429187351622715093e-03
2.622566605762916160e+17 3.390207249489437472e-03
2.646857318541747520e+17 3.351670240196101460e-03
2.671373016541547840e+17 3.313571287038002706e-03
2.696115783618392320e+17 3.275905410563358013e-03
2.721087722929461120e+17 3.238667687922660004e-03
2.746290957111746560e+17 3.201853252225193586e-03
2.771727628462520000e+17 3.165457291902861250e-03
2.797399899121418240e+17 3.129475050081482416e-03
2.823309951254218880e+17 3.093901823958999583e-03
2.849459987238369920e+17 3.058732964190756087e-03
2.875852229850124480e+17 3.023963874281988991e-03
2.902488922453525120e+17 2.989590009986975959e-03
2.929372329191082240e+17 2.955606878715139225e-03
2.956504735176213120e+17 2.922010038943893308e-03
2.983888446687527680e+17 2.888795099638056044e-03
3.011525791364794240e+17 2.855957719676089669e-03
3.039419118406837120e+17 2.823493607282634172e-03
3.067570798771207680e+17 2.791398519467623920e-03
3.095983225375706240e+17 2.759668261471647562e-03
3.124658813301834880e+17 2.728298686217841759e-03
3.153600000000000000e+17 2.697285693769803545e-03
