Time [Myr]                 MLR (Star) [kg s-1]
1.000000000000000000e+00 5.700701121503234026e+04
1.500000000000000000e+00 4.377193482740692707e+04
1.627253193647856033e+00 4.087286882199010870e+04
1.816224186214922431e+00 3.729944494867988396e+04
2.096846110177016165e+00 3.303945770325907506e+04
2.132547699416083020e+00 3.217055119705984180e+04
2.185564559436097287e+00 3.077265363931247703e+04
2.249063523748628945e+00 2.929404089192894753e+04
2.321411709161992132e+00 2.798112123100312238e+04
2.400009056695445953e+00 2.613141777141289640e+04
2.486857280655530467e+00 2.481440935908724714e+04
2.586230324810161019e+00 2.328094009378006740e+04
2.694224449810981525e+00 2.159828099633553211e+04
2.811999143783551869e+00 2.020378236846809887e+04
2.947250059745259776e+00 1.852808865209892974e+04
3.093772872874008595e+00 1.761789515854249839e+04
3.261545561065152032e+00 1.579097956722968956e+04
3.440132943477212102e+00 1.470141014861845724e+04
3.647748288800288119e+00 1.349671243920038069e+04
3.875058477956930147e+00 1.223475773347347058e+04
4.124913074357408505e+00 1.127354706552621064e+04
4.429441653415751468e+00 1.014694334352945589e+04
4.745180363119760436e+00 9.344986221534503784e+03
5.095098355300681447e+00 8.322602227301598759e+03
5.494984012081749469e+00 7.619688281705673944e+03
5.940051749902792722e+00 6.704110711358840490e+03
6.452920393298073876e+00 6.173040556375195592e+03
7.011129166716006722e+00 5.589536617193820348e+03
7.662600344138110309e+00 4.741835129229680206e+03
8.435753439244603413e+00 4.165143113722375347e+03
9.280617678319545760e+00 3.732251511800106073e+03
1.015795363391788975e+01 3.240886828809714643e+03
1.061098877398919527e+01 3.188889781171399136e+03
1.110700015026806220e+01 2.973357490114487064e+03
1.222635493014827368e+01 2.597438900858966917e+03
1.247267599919278247e+01 2.528717790221363430e+03
1.271795778947271138e+01 2.464148810054654859e+03
1.367061202891586724e+01 2.427892677771821582e+03
1.461934457431223855e+01 2.422485218527692723e+03
1.555273026276255344e+01 2.451857876923558706e+03
1.648033096060164837e+01 2.365363464152021152e+03
1.744290798953515065e+01 2.333392616928836560e+03
1.841471719267337548e+01 2.312985187229850453e+03
1.936534685215922380e+01 2.208121260265294040e+03
2.031059668368714810e+01 2.168728058629882980e+03
2.123266475606569159e+01 2.117628383621694411e+03
2.159772367887604005e+01 2.124400024286539519e+03
2.196209424505651953e+01 2.047800906578414924e+03
2.286519122625300682e+01 2.049944434253280633e+03
2.354052461971523513e+01 1.964227399363444874e+03
2.439210779035793308e+01 1.969243615722640243e+03
2.520817207883410660e+01 1.846639607112110752e+03
2.550117619502338329e+01 1.821117930517486002e+03
2.579179096628343260e+01 1.821569078181063105e+03
2.630868428190186492e+01 1.793758664312461860e+03
2.682165216584117928e+01 1.722309776075540185e+03
2.703598790863587453e+01 1.675185672023243569e+03
2.725718818385704267e+01 1.663462500359720480e+03
2.763176588584994775e+01 1.598422988052820074e+03
2.800579538345201058e+01 1.597635736596913603e+03
2.866952251381500361e+01 1.554955754114564570e+03
2.902105635206963186e+01 1.504478792794072660e+03
2.936994101557866799e+01 1.491955641465675171e+03
2.991994477453124546e+01 1.490607283681872332e+03
3.047651198191073973e+01 1.473942198173192310e+03
3.110079967713688021e+01 1.440534689159373784e+03
3.173659628065405869e+01 1.455889670379747940e+03
3.239538389193740642e+01 1.433657842466874172e+03
3.309929754557898463e+01 1.454406503261525359e+03
3.386479382345975608e+01 1.505573701374199345e+03
3.470296122825178031e+01 1.518648232252879779e+03
3.564171620078079172e+01 1.583695130853194314e+03
3.669228175468648345e+01 1.536900458255442572e+03
3.790951251402595545e+01 1.589356722944814692e+03
3.935706949914327879e+01 1.634659397476342974e+03
4.106319362754138069e+01 1.701857012369390077e+03
4.326205646083264611e+01 1.639890224407948836e+03
4.574465761155088472e+01 1.644466518151119089e+03
4.845008227058623618e+01 1.673724662138141412e+03
5.131188699395092101e+01 1.719586386428823289e+03
5.405630150779640530e+01 1.641879709389212394e+03
5.679984631665746520e+01 1.666771131540148644e+03
5.980665182710267658e+01 1.681967334166728278e+03
6.306988000546285633e+01 1.736659795123968252e+03
6.633879110625170483e+01 1.641445654307878385e+03
6.959026120781084046e+01 1.659993862205886217e+03
7.320060039334488522e+01 1.680546030828108314e+03
7.734084031427114780e+01 1.690113211624390487e+03
8.204079375757414994e+01 1.697973337258035144e+03
8.815869002040392388e+01 1.706982617564199700e+03
9.548627248106008381e+01 1.668196764554010997e+03
1.002035345700359699e+02 1.623618764227377596e+03
1.049749557781218385e+02 1.609070234453297644e+03
1.097337486141921659e+02 1.617004841456663371e+03
1.155340620369823199e+02 1.625010545376375603e+03
1.243203392254626465e+02 1.626961193619182723e+03
1.309088219552525914e+02 1.646950345814800357e+03
1.374591373392274818e+02 1.642592936398976917e+03
1.440060040468471527e+02 1.636439338349944819e+03
1.510128231978290501e+02 1.631041911485890523e+03
1.584386894796762988e+02 1.625020608234422980e+03
1.654765072699433972e+02 1.579555057254728354e+03
1.711221797339912314e+02 1.545125465131048259e+03
1.762602425615379502e+02 1.515054506775779828e+03
1.814053184329927717e+02 1.501063009276942239e+03
1.866910104468202860e+02 1.500681047105873631e+03
1.927815007784341219e+02 1.499341946451678950e+03
2.001743276190915140e+02 1.496828261732026249e+03
2.101920597054718201e+02 1.491972416396369681e+03
2.391749298718987689e+02 1.463308450497405374e+03
2.602174773715952938e+02 1.443166816512933792e+03
2.773405213688032518e+02 1.426717386778043419e+03
2.932106081555834862e+02 1.411778651607012534e+03
3.085571918371741162e+02 1.397640200591403072e+03
3.238606663120315261e+02 1.383851308758852383e+03
3.390412216503767695e+02 1.371321776707844492e+03
3.547770351029126346e+02 1.358626897933881310e+03
3.709451731185286008e+02 1.345875024796148864e+03
3.874434562170385448e+02 1.333153857407331316e+03
4.042068889554744260e+02 1.320517693464506010e+03
4.211961842656299950e+02 1.307998372094999468e+03
4.383884556621121078e+02 1.288244995176782368e+03
4.535761530374737731e+02 1.268307477598644027e+03
4.668639564306157581e+02 1.251478325468336834e+03
4.796629621002645081e+02 1.235714566762768300e+03
4.922492345408285814e+02 1.220583259677462593e+03
5.048142353993838469e+02 1.205811956252801565e+03
5.173583143317492841e+02 1.191375984486406196e+03
5.299421462210590335e+02 1.177191642211565068e+03
5.426034585224208513e+02 1.163208794308261986e+03
5.553644071702537985e+02 1.149398801192091696e+03
5.682381911021429914e+02 1.142436316395770746e+03
5.873224487560700027e+02 1.133542210118683897e+03
6.059197039460555061e+02 1.124815693026672307e+03
6.233580684022878131e+02 1.116744971994364732e+03
6.406517625427045459e+02 1.108812934718578617e+03
6.584003495369314578e+02 1.100817187818912089e+03
6.766580776333084941e+02 1.092738066695768794e+03
6.953052627087538440e+02 1.084630750680016945e+03
7.142615695139397758e+02 1.076532057206132322e+03
7.334798639713708326e+02 1.064929400744532813e+03
7.546354283470407154e+02 1.045995687104626541e+03
7.725982623143646606e+02 1.030547816953064739e+03
7.897553261377811396e+02 1.016222612834313054e+03
8.065805122232873146e+02 1.002528112045430817e+03
8.233694669512343580e+02 9.891839148060106481e+02
8.401522489986546134e+02 9.761453653302638713e+02
8.570150521113375817e+02 9.638926656148372558e+02
8.744221453192246827e+02 9.581724059875216426e+02
9.035875702190545553e+02 9.482656361059839583e+02
9.290074374322564381e+02 9.398031813768545817e+02
9.535548347255029284e+02 9.318055609092540408e+02
9.779505006600127217e+02 9.240372850316640552e+02
1.002174628172820576e+03 9.111283571857560446e+02
1.030725097384826540e+03 8.942798518244802608e+02
1.055838178569516231e+03 8.799864203571462440e+02
1.080394981479650596e+03 8.664279253804766086e+02
1.104852955226787572e+03 8.533018567272365544e+02
1.129344998603673048e+03 8.454115990783077450e+02
1.162510101336185926e+03 8.378562989045537961e+02
1.189823328542023319e+03 8.317414782118538596e+02
1.216046096804009721e+03 8.259646386185850133e+02
1.241578877604111767e+03 8.205835813875189615e+02
1.262771423897947898e+03 8.191456197639857919e+02
1.282712222251846470e+03 8.177179400374197940e+02
1.302074584392295719e+03 8.162991165505515028e+02
1.321372421709473429e+03 8.148664230525920402e+02
1.340556928838589783e+03 8.134336489528831180e+02
1.359736942668206666e+03 8.119953005810431250e+02
1.378971724202557198e+03 8.042868121724948196e+02
1.404251054372703720e+03 7.888089865616174166e+02
1.425913142758818594e+03 7.760359242798309651e+02
1.446649650370271047e+03 7.641423773366520891e+02
1.466998787866811881e+03 7.527456060711067494e+02
1.487303389674846585e+03 7.416237118091063394e+02
1.507600161277830011e+03 7.368803193359201487e+02
1.537410445123473892e+03 7.346385198307275459e+02
1.563327333079824257e+03 7.325991814713820531e+02
1.588172918463939141e+03 7.306242974167106468e+02
1.612554271871727906e+03 7.286904490512403072e+02
1.636879751330222916e+03 7.206062894480522800e+02
1.668565799122090311e+03 7.065988190251275682e+02
1.696449863916189543e+03 6.946844823069575341e+02
1.723556030366497225e+03 6.834147230843167335e+02
1.750514153270570660e+03 6.739843079366073653e+02
1.779842535055553526e+03 6.725140610109214094e+02
1.809336794320518266e+03 6.708760952888891325e+02
1.837665915498076629e+03 6.692670498263066747e+02
1.865769394426675490e+03 6.676541302996470222e+02
1.893628933057709673e+03 6.586424687972576066e+02
1.927931061235686457e+03 6.456898892620026800e+02
1.958993487146039115e+03 6.343312500254297674e+02
1.989507908652488823e+03 6.234776893771443156e+02
2.019920041036200701e+03 6.201339556620109761e+02
2.056604152895061361e+03 6.183309080712176637e+02
2.090162348194378865e+03 6.166642457543102864e+02
2.123570124748677244e+03 6.139854262406952330e+02
2.158633557585847484e+03 6.029234995767359351e+02
2.196287041276842501e+03 5.914885859025499713e+02
2.233188527660443469e+03 5.806086874120969696e+02
2.269939666066155041e+03 5.767825904383719262e+02
2.310699094656210036e+03 5.752581458369737675e+02
2.348539597648079962e+03 5.738267257975692246e+02
2.386217022177214403e+03 5.675931296818797591e+02
2.433558116036903812e+03 5.550383059168499358e+02
2.477114047715285778e+03 5.438727098670656233e+02
2.520413486386131353e+03 5.419535995266282953e+02
2.555875532174625278e+03 5.427580264700280850e+02
2.589055855683855953e+03 5.434424028151269113e+02
2.622124996482089955e+03 5.405090226746743838e+02
2.663420545114866854e+03 5.300868590540742389e+02
2.707206842681389389e+03 5.194282625145369821e+02
2.750764561965214398e+03 5.140029059343276003e+02
2.796561854385454353e+03 5.139858501130357809e+02
2.837082744246737548e+03 5.139180566717012653e+02
2.877285791770318610e+03 5.076015733070633473e+02
3.029356109947236291e+03 4.864329761892422539e+02
3.089442774995665786e+03 4.859535593550647263e+02
3.126253351035548803e+03 4.878993980773981889e+02
3.159476626505594595e+03 4.895808391713512719e+02
3.191893164288831031e+03 4.911713977557444650e+02
3.224146146368529116e+03 4.871785834894301388e+02
3.266182510044458922e+03 4.762906285134644122e+02
3.304514209218894393e+03 4.666423740761086378e+02
3.342618776433108451e+03 4.629473575790512996e+02
3.384767172703999222e+03 4.652605130711388028e+02
3.422221771562626600e+03 4.672059632633067281e+02
3.459428356688560143e+03 4.634856527286294750e+02
3.504730162024251513e+03 4.525382338928205854e+02
3.546404748964884675e+03 4.427465752132469561e+02
3.587838927412369230e+03 4.409075556123203228e+02
3.638188474503687303e+03 4.416512768835738143e+02
3.688348167433455728e+03 4.389445326612803342e+02
3.747869920675743742e+03 4.278580786810974246e+02
3.807074082046788135e+03 4.225296875059368631e+02
3.851325033955994058e+03 4.258319540342812388e+02
3.891217638260236072e+03 4.287182012288621422e+02
3.930845161333107171e+03 4.232144378087533028e+02
4.033665989952021846e+03 4.103244313907279093e+02
4.075935224546989957e+03 4.144555455544465303e+02
4.114024859266015483e+03 4.180796720119162160e+02
4.151885325130891033e+03 4.127811878562783932e+02
4.200443545974724657e+03 4.024424358668549644e+02
4.248833671882201088e+03 3.966667369750165335e+02
4.292839881170951230e+03 4.008932437375095788e+02
4.332674656562552627e+03 4.046148937160551782e+02
4.372266137356570653e+03 3.998007965173724756e+02
4.514650229215861145e+03 3.881228314952215328e+02
4.591379797567146852e+03 3.844331840030744729e+02
4.681532710923165723e+03 3.795912559250636491e+02
4.727135842061911717e+03 3.838242373386160580e+02
4.772596461962143621e+03 3.841918808288446598e+02
4.821349444090992620e+03 3.839313363839038971e+02
4.869374253103270348e+03 3.732939461573362792e+02
4.913835212841205248e+03 3.637169960241931790e+02
4.958049322715126436e+03 3.616755530211936502e+02
5.242770213062127368e+03 3.500557962704546071e+02
5.528584473245737172e+03 3.387527361183157382e+02
5.680818424077740929e+03 3.369730670230075589e+02
5.760339292843800649e+03 3.398865393732090183e+02
5.813034328391634517e+03 3.448927233653138273e+02
5.865360953861373673e+03 3.359691535003903482e+02
5.925818811204928352e+03 3.256469952064715585e+02
5.985722668401006558e+03 3.278379930834253742e+02
6.054415373412707595e+03 3.276608830565628523e+02
6.135285911947242312e+03 3.291146376982292168e+02
6.214228798170469418e+03 3.315967043315945944e+02
6.292577881566003271e+03 3.287353900794628316e+02
6.412058168092715277e+03 3.236752845746635217e+02
6.610499518051325140e+03 3.189237241564888450e+02
6.844292787949851117e+03 3.145228001518624410e+02
7.002348274208879957e+03 3.138865172841705089e+02
7.164291605288381106e+03 3.104527241257104038e+02
7.299110182522276773e+03 3.065530201366073584e+02
7.344893122215060430e+03 3.171253947573108007e+02
7.390311922742450406e+03 3.126531906940407453e+02
7.482898126259181481e+03 3.132061098778450514e+02
7.577231512531036969e+03 3.115335635162250014e+02
7.699789413872837940e+03 3.091924574654885305e+02
7.838462462777460132e+03 3.028138910503728880e+02
7.961195172181000089e+03 3.070582592504745207e+02
8.082893016660922513e+03 3.084350805217223410e+02
8.213756915170357388e+03 3.028248430699107416e+02
8.409123107338444242e+03 2.993784568265381836e+02
8.596089527528205508e+03 3.023879545619286091e+02
8.784392483626119429e+03 3.021087813281720287e+02
8.905772721442508555e+03 3.046617545407768830e+02
9.026829231411071305e+03 3.082626831674693904e+02
9.176577408664483301e+03 3.062190632303369284e+02
9.272482848795796599e+03 3.113463254898812238e+02
9.369733862650078663e+03 3.168239069799962522e+02
9.485208472743697712e+03 3.160932655145369381e+02
9.681095333859755556e+03 3.192282948501107853e+02
9.719789966789734535e+03 3.291084862509637219e+02
9.758698476453391777e+03 3.241102194714539451e+02
9.853299302869403618e+03 3.289816162905311216e+02
1.003260191509702418e+04 3.370339386852443795e+02
1.005324181178778235e+04 3.337466824570607287e+02
1.007374135910245786e+04 3.418564624572782122e+02
1.015120576743374477e+04 3.487924586654634140e+02
1.017635577082804957e+04 3.491229382087356043e+02
1.020133444682944173e+04 3.497799184034864766e+02
1.024961589009409545e+04 3.500935331714543963e+02
1.030340881504259050e+04 3.530269484883788209e+02
1.033214284678463991e+04 3.563521514474933269e+02
1.036104578759168726e+04 3.596134708512552720e+02
1.039786902965240915e+04 3.677793908856758094e+02
1.043344526530081021e+04 3.629454083528085562e+02
1.045805226213710375e+04 3.610082833469223260e+02
1.048545802025967896e+04 3.668549450864786650e+02
1.050973160908283899e+04 3.733003677687755726e+02
1.053740609082803530e+04 3.681798589319266739e+02
1.056543805689545661e+04 3.700069947271195474e+02
1.059139659128890344e+04 3.613492844515458842e+02
1.061883631807901111e+04 3.624915635301086922e+02
1.065000785533122325e+04 3.674315856355376013e+02
1.068104811959067229e+04 3.592725562044851131e+02
1.070812753877393880e+04 3.665994699939525958e+02
1.074062868377486484e+04 3.666247249519834668e+02
1.076299862186682731e+04 3.658815812949213182e+02
1.078763245172222014e+04 3.685738114641430911e+02
1.082862244001325234e+04 3.668783313193786739e+02
1.085173838034353503e+04 3.707559651631953557e+02
1.086646225068374952e+04 3.650969255612057509e+02
1.087471079473071586e+04 3.669568520434572179e+02
1.088433413970709262e+04 3.692088286643740958e+02
1.091093746283912878e+04 3.718973041992417734e+02
1.094853928713921960e+04 3.713632960698851662e+02
1.100156163513540014e+04 3.638154761594351498e+02
1.105055849255372777e+04 3.586045671116173139e+02
