Time [Myr]                 MLR (Star) [kg s-1]
1.000000000000000000e+00 7.163712305450260174e+05
1.500000000000000000e+00 5.500543555487713311e+05
1.627253193647856033e+00 5.136236176892136573e+05
1.816224186214922431e+00 4.687186489349986077e+05
2.096846110177016165e+00 4.151860703965976718e+05
2.132547699416083020e+00 4.042670692104700720e+05
2.185564559436097287e+00 3.867005704189091921e+05
2.249063523748628945e+00 3.681197746401719050e+05
2.321411709161992132e+00 3.516211395940992516e+05
2.400009056695445953e+00 3.283770803942260682e+05
2.486857280655530467e+00 3.118270645827132394e+05
2.586230324810161019e+00 2.925569214691341622e+05
2.694224449810981525e+00 2.714120036330229486e+05
2.811999143783551869e+00 2.538882170540255611e+05
2.947250059745259776e+00 2.328308287779776147e+05
3.093772872874008595e+00 2.213930000071691757e+05
3.261545561065152032e+00 1.984353016055813059e+05
3.440132943477212102e+00 1.847433684812407009e+05
3.647748288800288119e+00 1.696046905864235887e+05
3.875058477956930147e+00 1.537465000557246385e+05
4.124913074357408505e+00 1.416675705638236250e+05
4.429441653415751468e+00 1.275102506576959859e+05
4.745180363119760436e+00 1.174325602458825597e+05
5.095098355300681447e+00 1.045849040641629981e+05
5.494984012081749469e+00 9.575182691380313190e+04
5.940051749902792722e+00 8.424633983863030153e+04
6.452920393298073876e+00 7.757271544888065546e+04
7.011129166716006722e+00 7.024018869418901158e+04
7.662600344138110309e+00 5.958765762608789373e+04
8.435753439244603413e+00 5.234073202888131345e+04
9.280617678319545760e+00 4.690085572328243870e+04
1.015795363391788975e+01 4.072618501001808909e+04
1.061098877398919527e+01 4.007277083854252851e+04
1.110700015026806220e+01 3.736431218975943921e+04
1.222635493014827368e+01 3.264037987634750971e+04
1.247267599919278247e+01 3.177680493104500783e+04
1.271795778947271138e+01 3.096540719607894061e+04
1.367061202891586724e+01 3.050979920076962298e+04
1.461934457431223855e+01 3.044184706382586228e+04
1.555273026276255344e+01 3.081095477515727544e+04
1.648033096060164837e+01 2.972403392819877263e+04
1.744290798953515065e+01 2.932227641313717686e+04
1.841471719267337548e+01 2.906582908825324557e+04
1.936534685215922380e+01 2.774807011793953279e+04
2.031059668368714810e+01 2.725304054650277976e+04
2.123266475606569159e+01 2.661090309207657265e+04
2.159772367887604005e+01 2.669599803833828628e+04
2.196209424505651953e+01 2.573342513648507156e+04
2.286519122625300682e+01 2.576036149966956873e+04
2.354052461971523513e+01 2.468320947127992986e+04
2.439210779035793308e+01 2.474624510513139467e+04
2.520817207883410660e+01 2.320555769412539667e+04
2.550117619502338329e+01 2.288484284733752065e+04
2.579179096628343260e+01 2.289051213607984027e+04
2.630868428190186492e+01 2.254103616846827936e+04
2.682165216584117928e+01 2.164318295889919682e+04
2.703598790863587453e+01 2.105100400250840903e+04
2.725718818385704267e+01 2.090368628260882542e+04
2.763176588584994775e+01 2.008637566638314092e+04
2.800579538345201058e+01 2.007648277282152412e+04
2.866952251381500361e+01 1.954015029513397167e+04
2.902105635206963186e+01 1.890583809169399319e+04
2.936994101557866799e+01 1.874846753084165175e+04
2.991994477453124546e+01 1.873152356720962780e+04
3.047651198191073973e+01 1.852210392638756821e+04
3.110079967713688021e+01 1.810229278681737560e+04
3.173659628065405869e+01 1.829524917160912082e+04
3.239538389193740642e+01 1.801587578262130046e+04
3.309929754557898463e+01 1.827661114391851152e+04
3.386479382345975608e+01 1.891959711870070896e+04
3.470296122825178031e+01 1.908389651933109417e+04
3.564171620078079172e+01 1.990129995445728855e+04
3.669228175468648345e+01 1.931326075581633631e+04
3.790951251402595545e+01 1.997244561894791332e+04
3.935706949914327879e+01 2.054173581693278902e+04
4.106319362754138069e+01 2.138616595007979777e+04
4.326205646083264611e+01 2.060746832677491693e+04
4.574465761155088472e+01 2.066497572999176555e+04
4.845008227058623618e+01 2.103264441082097255e+04
5.131188699395092101e+01 2.160895983527124190e+04
5.405630150779640530e+01 2.063246893238117627e+04
5.679984631665746520e+01 2.094526376824831095e+04
5.980665182710267658e+01 2.113622488238480946e+04
6.306988000546285633e+01 2.182351061658485560e+04
6.633879110625170483e+01 2.062701443536208535e+04
6.959026120781084046e+01 2.086009809004063936e+04
7.320060039334488522e+01 2.111836425787628832e+04
7.734084031427114780e+01 2.123858899749695047e+04
8.204079375757414994e+01 2.133736224928474621e+04
8.815869002040392388e+01 2.145057620458065867e+04
9.548627248106008381e+01 2.096317880106056691e+04
1.002035345700359699e+02 2.040299512770907313e+04
1.049749557781218385e+02 2.022017291067394763e+04
1.097337486141921659e+02 2.031988212295752965e+04
1.155340620369823199e+02 2.042048476544146615e+04
1.243203392254626465e+02 2.044499733419882250e+04
1.309088219552525914e+02 2.069618842895578564e+04
1.374591373392274818e+02 2.064143160731804892e+04
1.440060040468471527e+02 2.056410321362211107e+04
1.510128231978290501e+02 2.049627714728450883e+04
1.584386894796762988e+02 2.042061121904512038e+04
1.654765072699433972e+02 1.984927425524823775e+04
1.711221797339912314e+02 1.941661924052084942e+04
1.762602425615379502e+02 1.903873643309958788e+04
1.814053184329927717e+02 1.886291409007931725e+04
1.866910104468202860e+02 1.885811421187700762e+04
1.927815007784341219e+02 1.884128657676645889e+04
2.001743276190915140e+02 1.880969868297165158e+04
2.101920597054718201e+02 1.874867833083778532e+04
2.391749298718987689e+02 1.838847631207404993e+04
2.602174773715952938e+02 1.813536907464640899e+04
2.773405213688032518e+02 1.792865944420291999e+04
2.932106081555834862e+02 1.774093376153397548e+04
3.085571918371741162e+02 1.756326474615887128e+04
3.238606663120315261e+02 1.738998842102972412e+04
3.390412216503767695e+02 1.723253767765227167e+04
3.547770351029126346e+02 1.707300912607428472e+04
3.709451731185286008e+02 1.691276436219824609e+04
3.874434562170385448e+02 1.675290545814306824e+04
4.042068889554744260e+02 1.659411473889371700e+04
4.211961842656299950e+02 1.643679230672423728e+04
4.383884556621121078e+02 1.618856405148478916e+04
4.535761530374737731e+02 1.593802181646760619e+04
4.668639564306157581e+02 1.572654045367273284e+04
4.796629621002645081e+02 1.552844721950322673e+04
4.922492345408285814e+02 1.533830160678959874e+04
5.048142353993838469e+02 1.515267993349815333e+04
5.173583143317492841e+02 1.497127216210320148e+04
5.299421462210590335e+02 1.479302646015662685e+04
5.426034585224208513e+02 1.461731281115950515e+04
5.553644071702537985e+02 1.444377131947996349e+04
5.682381911021429914e+02 1.435627815513255337e+04
5.873224487560700027e+02 1.424451151937117902e+04
6.059197039460555061e+02 1.413485087142042357e+04
6.233580684022878131e+02 1.403343119980334268e+04
6.406517625427045459e+02 1.393375427966890129e+04
6.584003495369314578e+02 1.383327676078908007e+04
6.766580776333084941e+02 1.373175153051736197e+04
6.953052627087538440e+02 1.362987199277569562e+04
7.142615695139397758e+02 1.352810080909077078e+04
7.334798639713708326e+02 1.338229752788322003e+04
7.546354283470407154e+02 1.314436946517801334e+04
7.725982623143646606e+02 1.295024580365098700e+04
7.897553261377811396e+02 1.277022997956840845e+04
8.065805122232873146e+02 1.259813980727668059e+04
8.233694669512343580e+02 1.243045167921502070e+04
8.401522489986546134e+02 1.226660443422912977e+04
8.570150521113375817e+02 1.211263246857862578e+04
8.744221453192246827e+02 1.204074956609142100e+04
9.035875702190545553e+02 1.191625742416884532e+04
9.290074374322564381e+02 1.180991508173536931e+04
9.535548347255029284e+02 1.170941401890651468e+04
9.779505006600127217e+02 1.161179498519413573e+04
1.002174628172820576e+03 1.144957661364843443e+04
1.030725097384826540e+03 1.123785205098062397e+04
1.055838178569516231e+03 1.105823549381116027e+04
1.080394981479650596e+03 1.088785442096140287e+04
1.104852955226787572e+03 1.072290737755526789e+04
1.129344998603673048e+03 1.062375547569604350e+04
1.162510101336185926e+03 1.052881277360992317e+04
1.189823328542023319e+03 1.045197167054509737e+04
1.216046096804009721e+03 1.037937776323638354e+04
1.241578877604111767e+03 1.031175740377372858e+04
1.262771423897947898e+03 1.029368744508318014e+04
1.282712222251846470e+03 1.027574669252054809e+04
1.302074584392295719e+03 1.025791723074820220e+04
1.321372421709473429e+03 1.023991347327606309e+04
1.340556928838589783e+03 1.022190870293246553e+04
1.359736942668206666e+03 1.020383388421936615e+04
1.378971724202557198e+03 1.010696616200105564e+04
1.404251054372703720e+03 9.912466069070345839e+03
1.425913142758818594e+03 9.751955034557127874e+03
1.446649650370271047e+03 9.602496315749862333e+03
1.466998787866811881e+03 9.459280264219942183e+03
1.487303389674846585e+03 9.319518418989930069e+03
1.507600161277830011e+03 9.259911191202512782e+03
1.537410445123473892e+03 9.231739907777173357e+03
1.563327333079824257e+03 9.206112826145557847e+03
1.588172918463939141e+03 9.181295701194168942e+03
1.612554271871727906e+03 9.156994245921696347e+03
1.636879751330222916e+03 9.055405700242403327e+03
1.668565799122090311e+03 8.879382635538257091e+03
1.696449863916189543e+03 8.729662664713467166e+03
1.723556030366497225e+03 8.588042693587169197e+03
1.750514153270570660e+03 8.469536601793788577e+03
1.779842535055553526e+03 8.451060934030994758e+03
1.809336794320518266e+03 8.430477649714321160e+03
1.837665915498076629e+03 8.410257788096156219e+03
1.865769394426675490e+03 8.389989243553014603e+03
1.893628933057709673e+03 8.276745365262839186e+03
1.927931061235686457e+03 8.113978450410859296e+03
1.958993487146039115e+03 7.971241580089282252e+03
1.989507908652488823e+03 7.834851714497503053e+03
2.019920041036200701e+03 7.792833117397410206e+03
2.056604152895061361e+03 7.770175353136172816e+03
2.090162348194378865e+03 7.749231456772926322e+03
2.123570124748677244e+03 7.715568417955862969e+03
2.158633557585847484e+03 7.576560147787688948e+03
2.196287041276842501e+03 7.432864784614665950e+03
2.233188527660443469e+03 7.296143947937025587e+03
2.269939666066155041e+03 7.248063795358717471e+03
2.310699094656210036e+03 7.228907059516491245e+03
2.348539597648079962e+03 7.210919304796511824e+03
2.386217022177214403e+03 7.132585625746528422e+03
2.433558116036903812e+03 6.974817057317201034e+03
2.477114047715285778e+03 6.834506039225385393e+03
2.520413486386131353e+03 6.810389787437600717e+03
2.555875532174625278e+03 6.820498514540538963e+03
2.589055855683855953e+03 6.829098641332750049e+03
2.622124996482089955e+03 6.792236699335024241e+03
2.663420545114866854e+03 6.661267928675070834e+03
2.707206842681389389e+03 6.527328054330318992e+03
2.750764561965214398e+03 6.459151012828357125e+03
2.796561854385454353e+03 6.458936683056871516e+03
2.837082744246737548e+03 6.458084765547840107e+03
2.877285791770318610e+03 6.378709494608365276e+03
3.029356109947236291e+03 6.112697057839769514e+03
3.089442774995665786e+03 6.106672528222732581e+03
3.126253351035548803e+03 6.131124658763344996e+03
3.159476626505594595e+03 6.152254270716174688e+03
3.191893164288831031e+03 6.172241819371507518e+03
3.224146146368529116e+03 6.122066635506700550e+03
3.266182510044458922e+03 5.985244558046260863e+03
3.304514209218894393e+03 5.864001017004811729e+03
3.342618776433108451e+03 5.817568070276618528e+03
3.384767172703999222e+03 5.846636039478829844e+03
3.422221771562626600e+03 5.871083287605388250e+03
3.459428356688560143e+03 5.824332486626130049e+03
3.504730162024251513e+03 5.686763164264738407e+03
3.546404748964884675e+03 5.563717552367908866e+03
3.587838927412369230e+03 5.540607750495593791e+03
3.638188474503687303e+03 5.549953627623948705e+03
3.688348167433455728e+03 5.515939676568333198e+03
3.747869920675743742e+03 5.376623187054316077e+03
3.807074082046788135e+03 5.309664648768968618e+03
3.851325033955994058e+03 5.351162153831537580e+03
3.891217638260236072e+03 5.387431805763295415e+03
3.930845161333107171e+03 5.318269474852455460e+03
4.033665989952021846e+03 5.156288876982079273e+03
4.075935224546989957e+03 5.208201988613596768e+03
4.114024859266015483e+03 5.253744104831464938e+03
4.151885325130891033e+03 5.187161389237410731e+03
4.200443545974724657e+03 5.057240800048371966e+03
4.248833671882201088e+03 4.984661227216587577e+03
4.292839881170951230e+03 5.037773077598169039e+03
4.332674656562552627e+03 5.084540710525495342e+03
4.372266137356570653e+03 5.024044980953299273e+03
4.514650229215861145e+03 4.877295344463428592e+03
4.591379797567146852e+03 4.830929866640767614e+03
4.681532710923165723e+03 4.770084403924412072e+03
4.727135842061911717e+03 4.823277617170806479e+03
4.772596461962143621e+03 4.827897561522974684e+03
4.821349444090992620e+03 4.824623463466336943e+03
4.869374253103270348e+03 4.690950075509726048e+03
4.913835212841205248e+03 4.570602570781412396e+03
4.958049322715126436e+03 4.544949041417630724e+03
5.242770213062127368e+03 4.398930871639142424e+03
5.528584473245737172e+03 4.256892428690969609e+03
5.680818424077740929e+03 4.234528447268407035e+03
5.760339292843800649e+03 4.271140220595724713e+03
5.813034328391634517e+03 4.334049784004185312e+03
5.865360953861373673e+03 4.221912897878431977e+03
5.925818811204928352e+03 4.092200831216965980e+03
5.985722668401006558e+03 4.119733722554043197e+03
6.054415373412707595e+03 4.117508092316968941e+03
6.135285911947242312e+03 4.135776511926493185e+03
6.214228798170469418e+03 4.166967081130896986e+03
6.292577881566003271e+03 4.131010745794461400e+03
6.412058168092715277e+03 4.067423584673393634e+03
6.610499518051325140e+03 4.007713715462091386e+03
6.844292787949851117e+03 3.952410073374326657e+03
7.002348274208879957e+03 3.944414307043341978e+03
7.164291605288381106e+03 3.901263989601083267e+03
7.299110182522276773e+03 3.852258863987718541e+03
7.344893122215060430e+03 3.985115241745322237e+03
7.390311922742450406e+03 3.928915868023228995e+03
7.482898126259181481e+03 3.935864055406702391e+03
7.577231512531036969e+03 3.914846217956886449e+03
7.699789413872837940e+03 3.885427011675813901e+03
7.838462462777460132e+03 3.805271582115165984e+03
7.961195172181000089e+03 3.858607885941443783e+03
8.082893016660922513e+03 3.875909532305677203e+03
8.213756915170357388e+03 3.805409209251653920e+03
8.409123107338444242e+03 3.762100642437206716e+03
8.596089527528205508e+03 3.799919106343196290e+03
8.784392483626119429e+03 3.796410912022201956e+03
8.905772721442508555e+03 3.828492519580326189e+03
9.026829231411071305e+03 3.873743123259199820e+03
9.176577408664483301e+03 3.848062237734299742e+03
9.272482848795796599e+03 3.912493315524749505e+03
9.369733862650078663e+03 3.981326634599889076e+03
9.485208472743697712e+03 3.972145123158709339e+03
9.681095333859755556e+03 4.011541063676418162e+03
9.719789966789734535e+03 4.135699210560340362e+03
9.758698476453391777e+03 4.072889137779580778e+03
9.853299302869403618e+03 4.134104915617715051e+03
1.003260191509702418e+04 4.235293383135986915e+03
1.005324181178778235e+04 4.193984503068270897e+03
1.007374135910245786e+04 4.295895004151921057e+03
1.015120576743374477e+04 4.383055303083765466e+03
1.017635577082804957e+04 4.387208231504988362e+03
1.020133444682944173e+04 4.395464088118521431e+03
1.024961589009409545e+04 4.399405087522942267e+03
1.030340881504259050e+04 4.436267471561252933e+03
1.033214284678463991e+04 4.478053204313449896e+03
1.036104578759168726e+04 4.519036152632924313e+03
1.039786902965240915e+04 4.621652130192672303e+03
1.043344526530081021e+04 4.560906514141323896e+03
1.045805226213710375e+04 4.536563883391015224e+03
1.048545802025967896e+04 4.610035201667074034e+03
1.050973160908283899e+04 4.691030771859013839e+03
1.053740609082803530e+04 4.626684560081069321e+03
1.056543805689545661e+04 4.649645025646224894e+03
1.059139659128890344e+04 4.540849029651621095e+03
1.061883631807901111e+04 4.555203331897868338e+03
1.065000785533122325e+04 4.617281480517814998e+03
1.068104811959067229e+04 4.514752092833746246e+03
1.070812753877393880e+04 4.606824806971654652e+03
1.074062868377486484e+04 4.607142170134118714e+03
1.076299862186682731e+04 4.597803551519766188e+03
1.078763245172222014e+04 4.631635113605366314e+03
1.082862244001325234e+04 4.610329081736968874e+03
1.085173838034353503e+04 4.659056865725152420e+03
1.086646225068374952e+04 4.587943276765216069e+03
1.087471079473071586e+04 4.611315802256647657e+03
1.088433413970709262e+04 4.639614975089960353e+03
1.091093746283912878e+04 4.673399355048743928e+03
1.094853928713921960e+04 4.666688810984169322e+03
1.100156163513540014e+04 4.571840108659015641e+03
1.105055849255372777e+04 4.506357894326419228e+03
