# Time [Myr]     Mass flux [kg m-2 s-1]      Mass loss rate [kg s-1]
1.000000000000000000e+00 1.234471574277817004e-09 6.310445028697559610e+05
1.097498765493056805e+00 1.179388298164596933e-09 6.028867070034238277e+05
1.204503540258781147e+00 1.118934470631026352e-09 5.719835608011196600e+05
1.321941148466028837e+00 1.052586469543601001e-09 5.380673959942385554e+05
1.450828778495940163e+00 9.797696202572196507e-10 5.008444469884275459e+05
1.592282793341093905e+00 9.173370394954091823e-10 4.689297899719135603e+05
1.747528400007682947e+00 8.590415905337609480e-10 4.391299765326341148e+05
1.917910261672488570e+00 7.950624072644869609e-10 4.064247180711007095e+05
2.104904144512021791e+00 7.396173308324774354e-10 3.780819749714212958e+05
2.310129700083157989e+00 6.914528603632873309e-10 3.534609752201747033e+05
2.535364493970111432e+00 6.412935910822818024e-10 3.278202623781153234e+05
2.782559402207125832e+00 6.021603254508598771e-10 3.078158874936652719e+05
3.053855508833412724e+00 5.616475663538745588e-10 2.871063349556124303e+05
3.351602650938841244e+00 5.279788827860639810e-10 2.698953775491953129e+05
3.678379771828634404e+00 4.948333643514942604e-10 2.529518547992772365e+05
4.037017258596558023e+00 4.627997826445684312e-10 2.365767384623858379e+05
4.430621457583876932e+00 4.359270169250393331e-10 2.228397586585889803e+05
4.862601580065353701e+00 4.115401366051204445e-10 2.103735285009360232e+05
5.336699231206313065e+00 3.895832603562213582e-10 1.991494822403608414e+05
5.857020818056672518e+00 3.695199363817879995e-10 1.888933932649886119e+05
6.428073117284319515e+00 3.523025680947759218e-10 1.800921168016085576e+05
7.054802310718645941e+00 3.377666828838334352e-10 1.726615767650125781e+05
7.742636826811277295e+00 3.242560300067442322e-10 1.657551210750495666e+05
8.497534359086438727e+00 3.127299017400110561e-10 1.598631264486453147e+05
9.326033468832196860e+00 3.040183100166957821e-10 1.554098833098069008e+05
1.023531021899026783e+01 2.970050299798449987e-10 1.518247932141277124e+05
1.123324032978026565e+01 2.923797660140743844e-10 1.494604233406224230e+05
1.232846739442065953e+01 2.896104617000615349e-10 1.480447939324251201e+05
1.353047774579807516e+01 2.894929622885954486e-10 1.479847298862039752e+05
1.484968262254463589e+01 2.919593616683432509e-10 1.492455185531133320e+05
1.629750834620643474e+01 2.968397735165561697e-10 1.517403164348360442e+05
1.788649529057434862e+01 3.040847812487509288e-10 1.554438624685509421e+05
1.963040650040272084e+01 3.155452190765211066e-10 1.613022770666560682e+05
2.154434690031886390e+01 2.904035302453046587e-10 1.484501994162795017e+05
2.364489412645406929e+01 2.462251633427061674e-10 1.258668397338524228e+05
2.595024211399737268e+01 2.034203622188300585e-10 1.039856275549025595e+05
2.848035868435804829e+01 1.713314535206166174e-10 8.758222883837614791e+04
3.125715849688235437e+01 1.476470453837372761e-10 7.547509257868137502e+04
3.430469286314918520e+01 1.402486954831130110e-10 7.169316018560284283e+04
3.764935806792471595e+01 1.369719298155927833e-10 7.001812367219371663e+04
4.132012400115334572e+01 1.380112262185172527e-10 7.054939737308995973e+04
4.534878508128582553e+01 1.310708511995273629e-10 6.700157529695157427e+04
4.977023564332114347e+01 1.325712281616837974e-10 6.776854689348682587e+04
5.462277217684336961e+01 1.269413195800731697e-10 6.489061682517963345e+04
5.994842503189408944e+01 1.283963195460898466e-10 6.563439233962810249e+04
6.579332246575683030e+01 1.237957842382500636e-10 6.328266340818722529e+04
7.220809018385470779e+01 1.252820097504206515e-10 6.404240098256491910e+04
7.924828983539184435e+01 1.246153121087582886e-10 6.370159452690116450e+04
8.697490026177834466e+01 1.237031833332661886e-10 6.323532712822061148e+04
9.545484566618347344e+01 1.201186797428961954e-10 6.140297931774699100e+04
1.047615752789666175e+02 1.169611973468327357e-10 5.978891873469182610e+04
1.149756995397735722e+02 1.162582371991027397e-10 5.942957539604829799e+04
1.261856883066018327e+02 1.157452592900259090e-10 5.916734830523340497e+04
1.384886371393874640e+02 1.138538229512629090e-10 5.820047265659584809e+04
1.519911082952932873e+02 1.115650905493851272e-10 5.703050484944743221e+04
1.668100537200055840e+02 1.071811698108746415e-10 5.478950623862711655e+04
1.830738280295369691e+02 1.025205333477757867e-10 5.240705444208943663e+04
2.009233002565046036e+02 1.006188168429006103e-10 5.143492371715134504e+04
2.205130739903041217e+02 9.813721145452794876e-11 5.016636195254314225e+04
2.420128264794383313e+02 9.522711149168235663e-11 4.867875978930214478e+04
2.656087782946684115e+02 9.224751408293255072e-11 4.715563150936867896e+04
2.915053062825181200e+02 8.895868794787398679e-11 4.547442985461431090e+04
3.199267137797384066e+02 8.535181915956050791e-11 4.363064926957389980e+04
3.511191734215141764e+02 8.224723845273049811e-11 4.204363128586155653e+04
3.853528593710535119e+02 7.874893242496926462e-11 4.025534645681126131e+04
4.229242874389498752e+02 7.535094141761659235e-11 3.851834125501452945e+04
4.641588833612791518e+02 7.094300332980861782e-11 3.626506531309684942e+04
5.094138014816385294e+02 6.662051481161997311e-11 3.405546998910867842e+04
5.590810182512223037e+02 6.236065060613137208e-11 3.187788733280665838e+04
6.135907273413188250e+02 5.918679723135910586e-11 3.025545813573393389e+04
6.734150657750827804e+02 5.623669525417644921e-11 2.874740750549127188e+04
7.390722033525776169e+02 5.284537200805346373e-11 2.701381076943657536e+04
8.111308307896889573e+02 4.866067485561488591e-11 2.487465245324290299e+04
8.902150854450392217e+02 4.554347446262768042e-11 2.328118346349415879e+04
9.770099572992246522e+02 4.280076959477850818e-11 2.187915131798860966e+04
1.072267222010325213e+03 3.952719463051763392e-11 2.020574584720052007e+04
1.176811952434999057e+03 3.696852536960633201e-11 1.889779011504485243e+04
1.291549665014882748e+03 3.511641152174552844e-11 1.795101557058824619e+04
1.417474162926807594e+03 3.280151492718787380e-11 1.676767299620607446e+04
1.555676143930472108e+03 3.022252763618553803e-11 1.544933097289130274e+04
1.707352647470688908e+03 2.796302108427433241e-11 1.429430300911181621e+04
1.873817422860386841e+03 2.619899815584251468e-11 1.339255930345028355e+04
2.056512308348651459e+03 2.420247277030704689e-11 1.237196361244043874e+04
2.257019719633916793e+03 2.245802267170682514e-11 1.148022526204847236e+04
2.477076355991714081e+03 2.085306242448227601e-11 1.065979216140940844e+04
2.718588242732940216e+03 1.959567056447917842e-11 1.001703113090749321e+04
2.983647240283334213e+03 1.826765306606553999e-11 9.338167267574684956e+03
3.274549162877731305e+03 1.749026297603064759e-11 8.940776389466429464e+03
3.593813663804625321e+03 1.621761696828517234e-11 8.290217653225989125e+03
3.944206059437663953e+03 1.535021781948958403e-11 7.846815410479671300e+03
4.328761281083061476e+03 1.447439375857209634e-11 7.399106471173899990e+03
4.750810162102793583e+03 1.384924821205725598e-11 7.079540862016407118e+03
5.214008287999694403e+03 1.286000489003632127e-11 6.573853591957454228e+03
5.722367659350219583e+03 1.222787445277346896e-11 6.250717404909371908e+03
6.280291441834272518e+03 1.184854934891030351e-11 6.056811747961876790e+03
6.892612104349709625e+03 1.123064284550407700e-11 5.740946635806431004e+03
7.564633275546289951e+03 1.118786413833667776e-11 5.719078762490956251e+03
8.302175681319768046e+03 1.101764813268345265e-11 5.632066734910852574e+03
9.111627561154904470e+03 1.126206339873664370e-11 5.757008380610994209e+03
1.000000000000000000e+04 1.246419449867093825e-11 6.371520887945236609e+03
