Time [Myr]                 MLR (Lxuv) [kg s-1]
1.000000000000000000e+00 5.700701121503234026e+04
1.008562166358395462e+00 5.671320949011330958e+04
1.017197643409537555e+00 5.641678067513982387e+04
1.025907058851777798e+00 5.612786118122959306e+04
1.034691045757918815e+00 5.584371182225010853e+04
1.043550242621240409e+00 5.555698626894770860e+04
1.052485293401905109e+00 5.526766241269169404e+04
1.061496847573776714e+00 5.498171557696362288e+04
1.070585560171615880e+00 5.469660208757480723e+04
1.079752091838698913e+00 5.440885961581078300e+04
1.088997108874847131e+00 5.411845938935613958e+04
1.098321283284845240e+00 5.383650398116184078e+04
1.107725292827294261e+00 5.355681461170813418e+04
1.117209821063883890e+00 5.327447637917605607e+04
1.126775557409066097e+00 5.298946077990403137e+04
1.136423197180176148e+00 5.271829011435519351e+04
1.146153441647970173e+00 5.244652485554508166e+04
1.155966998087607278e+00 5.217212715698278043e+04
1.165864579830048431e+00 5.189792529470841691e+04
1.175846906313911866e+00 5.163826361975967302e+04
1.185914703137776138e+00 5.137598884642517805e+04
1.196068702112908611e+00 5.111107632633140747e+04
1.206309641316467118e+00 5.085034609837396420e+04
1.216638265145154829e+00 5.059830473249131319e+04
1.227055324369317413e+00 5.034357425904991396e+04
1.237561576187522494e+00 5.008612233706882398e+04
1.248157784281595406e+00 4.983842578245396726e+04
1.258844718872140556e+00 4.959559379328352225e+04
1.269623156774511319e+00 4.934984388007815869e+04
1.280493881455283312e+00 4.910115272070109495e+04
1.291457683089210828e+00 4.888115825848683744e+04
1.302515358616648466e+00 4.866102932250341837e+04
1.313667711801486782e+00 4.843762420310983725e+04
1.324915553289583547e+00 4.823783714529214194e+04
1.336259700667674633e+00 4.809440305817926856e+04
1.347700978522810900e+00 4.794531486924744240e+04
1.359240218502292707e+00 4.779063188536118105e+04
1.370878259374130881e+00 4.749762703945716203e+04
1.382615947087999952e+00 4.714051130644552904e+04
1.394454134836734971e+00 4.678031332997317804e+04
1.406393683118359439e+00 4.641692129357143131e+04
1.418435459798615295e+00 4.604916643089504942e+04
1.430580340174055110e+00 4.567783956017820310e+04
1.442829207035675187e+00 4.530286309718165285e+04
1.455182950733066471e+00 4.494684731135322363e+04
1.467642469239143654e+00 4.461750431637669681e+04
1.480208668215412304e+00 4.428540660035866313e+04
1.492882461077811751e+00 4.395052467023869394e+04
1.505664769063090658e+00 4.363481200090624043e+04
1.518556521295780781e+00 4.332286102740193746e+04
1.531558654855741386e+00 4.300838399138870591e+04
1.544672114846256550e+00 4.269279078676839708e+04
1.557897854462741538e+00 4.238713394921338477e+04
1.571236835062038928e+00 4.207896761508713098e+04
1.584690026232278726e+00 4.176826168976886402e+04
1.598258405863369536e+00 4.146891366768877924e+04
1.611942960218072152e+00 4.118745058704855182e+04
1.625744684003703755e+00 4.090384941053459625e+04
1.639664580444420539e+00 4.061809513724534190e+04
1.653703661354150922e+00 4.033236299460635200e+04
1.667862947210152713e+00 4.004532092476209073e+04
1.682143467227169564e+00 3.975605130748488591e+04
1.696546259432256676e+00 3.946702663303881127e+04
1.711072370740225557e+00 3.918730296993302181e+04
1.725722857029757362e+00 3.890539968771172425e+04
1.740498783220131740e+00 3.862130235995527619e+04
1.755401223348643569e+00 3.834933770305728103e+04
1.770431260648685612e+00 3.808338113047728257e+04
1.785589987628463104e+00 3.781538892469736311e+04
1.800878506150419556e+00 3.754744061636956758e+04
1.816297927511338228e+00 3.729825447654620802e+04
1.831849372523099095e+00 3.704717269819600915e+04
1.847533971594160329e+00 3.679418589040911320e+04
1.863352864811736564e+00 3.655450902978515660e+04
1.879307202024647294e+00 3.632635408240199467e+04
1.895398142926912888e+00 3.609642009727688855e+04
1.911626857142043168e+00 3.586469308391317463e+04
1.927994524308069613e+00 3.563730422643513884e+04
1.944502334163270785e+00 3.540840622096100560e+04
1.961151486632660923e+00 3.517775344680700800e+04
1.977943191915224386e+00 3.494228725856453093e+04
1.994878670571857970e+00 3.470002548887568992e+04
2.011959153614109042e+00 3.445588278888330387e+04
2.029185882593645296e+00 3.420984658074092295e+04
2.046560109692519447e+00 3.397100133245179313e+04
2.064083097814162659e+00 3.373278208786242612e+04
2.081756120675195554e+00 3.349271933900431031e+04
2.099580462898024358e+00 3.297238708168460289e+04
2.117557420104193788e+00 3.253359440877255838e+04
2.135688299008576596e+00 3.209481803804495576e+04
2.153974417514366468e+00 3.165611105003107150e+04
2.172417104808852084e+00 3.115621407626646760e+04
2.191017701460049594e+00 3.061445626382675619e+04
2.209777559514134904e+00 3.007419091527915589e+04
2.228698042593744155e+00 2.954598230557226998e+04
2.247780525997061574e+00 2.930988411456113317e+04
2.267026396797805710e+00 2.907263029336417094e+04
2.286437053946062115e+00 2.883422433742074645e+04
2.306013908369947796e+00 2.843705128278817938e+04
2.325758383078180280e+00 2.785324930380921069e+04
2.345671913263528197e+00 2.727210836985158676e+04
2.365755946407106070e+00 2.669373602219434542e+04
2.386011942383607032e+00 2.634505733190490355e+04
2.406441373567409059e+00 2.603360389948498414e+04
2.427045724939618232e+00 2.572181423661564259e+04
2.447826494195983749e+00 2.540791362840187503e+04
2.468785191855773054e+00 2.508811197776449626e+04
2.489923341371585330e+00 2.476816288803091811e+04
2.511242479240060277e+00 2.444809761203702510e+04
2.532744155113582973e+00 2.411555395663894160e+04
2.554429931912913787e+00 2.377489610835486019e+04
2.576301385940816591e+00 2.343445378571806214e+04
2.598360106996607133e+00 2.309427250118891607e+04
2.620607698491724591e+00 2.274263826849605175e+04
2.643045777566302768e+00 2.239067172959367599e+04
2.665675975206679649e+00 2.203924337983794612e+04
2.688499936363971887e+00 2.168706753962140283e+04
2.711519320073655148e+00 2.133144999012970220e+04
2.734735799576129445e+00 2.097658277827674465e+04
2.758151062438353840e+00 2.062251884894323666e+04
2.781766810676535862e+00 2.039114097846328877e+04
2.805584760879811679e+00 2.024348098619558368e+04
2.829606644335043608e+00 2.009495395233048475e+04
2.853834207152655456e+00 1.994502958207845950e+04
2.878269210393575861e+00 1.955910172522019275e+04
2.902913430197213263e+00 1.917464859800322301e+04
2.927768657910576167e+00 1.879173661283349793e+04
2.952836700218502308e+00 1.849139317814118840e+04
2.978119379274948297e+00 1.832581651017550757e+04
3.003618532835462318e+00 1.815963805193760345e+04
3.029336014390752840e+00 1.799286390733956796e+04
3.055273693301444826e+00 1.783839683981223789e+04
3.081433454933920846e+00 1.768841627729016545e+04
3.107817200797383883e+00 1.753780459052270817e+04
3.134426848682093869e+00 1.738129114570011734e+04
3.161264332798730869e+00 1.699460459547883875e+04
3.188331603919009272e+00 1.660997022334311623e+04
3.215630629517493233e+00 1.622746629135220792e+04
3.243163393914573867e+00 1.590699493033956423e+04
3.270931898420722295e+00 1.573194239178334101e+04
3.298938161481982601e+00 1.555660251845618404e+04
3.327184218826650053e+00 1.538099076091211100e+04
3.355672123613271829e+00 1.520670518014226218e+04
3.384403946579871647e+00 1.503361595389854119e+04
3.413381776194498229e+00 1.486029701766487051e+04
3.442607718806991457e+00 1.468676509510738288e+04
3.472083898802105661e+00 1.451421790894593687e+04
3.501812458753955415e+00 1.434196069010840802e+04
3.531795559581708766e+00 1.416953512648197466e+04
3.562035380706689125e+00 1.399695763808236734e+04
3.592534120210783222e+00 1.381825968976216973e+04
3.623293994996239498e+00 1.363853127813237734e+04
3.654317240946772127e+00 1.345877767798215245e+04
3.685606113090103442e+00 1.327907052943619237e+04
3.717162885761899904e+00 1.310006205288915226e+04
3.748989852771046571e+00 1.292108772497777136e+04
3.781089327566408365e+00 1.274216917440284305e+04
3.813463643404977788e+00 1.256419606234221465e+04
3.846115153521503682e+00 1.238886447524325376e+04
3.879046231299500658e+00 1.221362187279622049e+04
3.912259270443785297e+00 1.203848815427938462e+04
3.945756685154500065e+00 1.186599093269307377e+04
3.979540910302543644e+00 1.169737698357173758e+04
4.013614401606586668e+00 1.152887415386778775e+04
4.047979635811593369e+00 1.136050399855880096e+04
4.082639110868809595e+00 1.127366760452500966e+04
4.117595346117351340e+00 1.127361756244936987e+04
4.152850882467362226e+00 1.127308631411309398e+04
4.188408282584657805e+00 1.127205952766418523e+04
4.224270131077028090e+00 1.117509489284347001e+04
4.260439034682101500e+00 1.098333035048388410e+04
4.296917622456851049e+00 1.079201898427344349e+04
4.333708545968647741e+00 1.060119073111066427e+04
4.370814479488022819e+00 1.041919943071984744e+04
4.408238120183082032e+00 1.024489001465430556e+04
4.445982188315509731e+00 1.007094475382095152e+04
4.484049427438330682e+00 9.897390517270863711e+03
4.522442604595315885e+00 9.828632438129287038e+03
4.561164510522155879e+00 9.830877374766903813e+03
4.600217959849255855e+00 9.832746208140060844e+03
4.639605791306354199e+00 9.834227318113851652e+03
4.679330867928894300e+00 9.689527045178010667e+03
4.719396077266075906e+00 9.479011373593055396e+03
4.759804331590776982e+00 9.269476330637879073e+03
4.800558568111268798e+00 9.060961875658242207e+03
4.841661749184657637e+00 8.893203737769021245e+03
4.883116862532245861e+00 8.735277394978927987e+03
4.924926921456733275e+00 8.577757943125479869e+03
4.967094965061185974e+00 8.420669518450993564e+03
5.009624058469988483e+00 8.385041137136109683e+03
5.052517293051618452e+00 8.353740017113659633e+03
5.095777786643394869e+00 8.322104889873538923e+03
5.139408683778052378e+00 8.273157529478343349e+03
5.183413155912330872e+00 8.127553790265553289e+03
5.227794401657547496e+00 7.982296524740690984e+03
5.272555647012027613e+00 7.837408280889124399e+03
5.317700145595641636e+00 7.740260218424071354e+03
5.363231178886285200e+00 7.724117169320512403e+03
5.409152056458442104e+00 7.707692740968294856e+03
5.455466116223695927e+00 7.690981873191812156e+03
5.502176724673381258e+00 7.598449148466966108e+03
5.549287277123326589e+00 7.460218292990859482e+03
5.596801197960582286e+00 7.322346864693175121e+03
5.644721940892376999e+00 7.184857002402054604e+03
5.693052989197181724e+00 7.065243096554236217e+03
5.741797855977847753e+00 6.947563460283966378e+03
5.790960084416997056e+00 6.830089939357432741e+03
5.840543248034602897e+00 6.736802707895232743e+03
5.890550950947678999e+00 6.720412632973986547e+03
5.940986828132296615e+00 6.703802009934045600e+03
5.991854545687789191e+00 6.686967432561638816e+03
6.043157801103275162e+00 6.613112340179675812e+03
6.094900323526356800e+00 6.500948710462756026e+03
6.147085874034214470e+00 6.388982495201398706e+03
6.199718245907038572e+00 6.277230692953465223e+03
6.252801264903673939e+00 6.285895330781916527e+03
6.306338789539764456e+00 6.294869533172828596e+03
6.360334711368192728e+00 6.303733098773752317e+03
6.414792955262003993e+00 6.256842777127436420e+03
6.469717479699619744e+00 6.136326706306826964e+03
6.525112277052613763e+00 6.016136604255627390e+03
6.580981373875946616e+00 5.896292740642979879e+03
6.637328831200573376e+00 5.801021909238475928e+03
6.694158744828687446e+00 5.708397230263822166e+03
6.751475245631404221e+00 5.615872955852319137e+03
6.809282499849088843e+00 5.570205185789301140e+03
6.867584709394107811e+00 5.590744996704821460e+03
6.926386112156298402e+00 5.611297669986798610e+03
6.985690982311060004e+00 5.631859317030719467e+03
7.045503630629950109e+00 5.526661393890776708e+03
7.105828404794068298e+00 5.417274184208628867e+03
7.166669689710126079e+00 5.308178201396288387e+03
7.228031907829095104e+00 5.213809081586348839e+03
7.289919519467702003e+00 5.131185746674212169e+03
7.352337023132698768e+00 5.048622432104189102e+03
7.415288955847750607e+00 4.967699130931277068e+03
7.478779893483291197e+00 4.893767523304996757e+03
7.542814451089102867e+00 4.819851011826130161e+03
7.607397283229836660e+00 4.745958818873229575e+03
7.672533084323255537e+00 4.743242481255450002e+03
7.738226588981508058e+00 4.752499415110272821e+03
7.804482572355325942e+00 4.761745605741314648e+03
7.871305850481030930e+00 4.722098170073020810e+03
7.938701280630660051e+00 4.644574635748470428e+03
8.006673761665009437e+00 4.567104744136205227e+03
8.075228234389784987e+00 4.493029502906139896e+03
8.144369681914643166e+00 4.426253962968052292e+03
8.214103130015450560e+00 4.359468652625070717e+03
8.284433647499659159e+00 4.293362077042838791e+03
8.355366346574639280e+00 4.232990949239489964e+03
8.426906383219332497e+00 4.172580501808399276e+03
8.499058957559080696e+00 4.112137394042471897e+03
8.571829314243512243e+00 4.131990208542774781e+03
8.645222742827819218e+00 4.157269080216045950e+03
8.719244578157294256e+00 4.182724922725999022e+03
8.793900200755013330e+00 4.127407173922284528e+03
8.869195037213005506e+00 4.053468963119349610e+03
8.945134560586659234e+00 3.979581462132260640e+03
9.021724290792635159e+00 3.917607480121111621e+03
9.098969795009978156e+00 3.860030895364351181e+03
9.176876688084849576e+00 3.802404577750608951e+03
9.255450632938712729e+00 3.748759985992192469e+03
9.334697340979849045e+00 3.696902859458187322e+03
9.414622572518590360e+00 3.644972730336341101e+03
9.495232137185981358e+00 3.596100421548016129e+03
9.576531894356151042e+00 3.548599664819889767e+03
9.658527753572107244e+00 3.501011318595340981e+03
9.741225674975350302e+00 3.455401734701079022e+03
9.824631669739160245e+00 3.410504511295388056e+03
9.908751800505427809e+00 3.365511018097935448e+03
9.993592181825405873e+00 3.322491172538369938e+03
1.007915898060413440e+01 3.279889366191559930e+03
1.016545841654878046e+01 3.237183404729300491e+03
1.025249676262060206e+01 3.249529022115325006e+03
1.034028034549107034e+01 3.266900609969329253e+03
1.042881554600161209e+01 3.279330662106884120e+03
1.051810879962749823e+01 3.234863187999290403e+03
1.060816659694558872e+01 3.190282492010803708e+03
1.069899548410621115e+01 3.146807163708768712e+03
1.079060206330884775e+01 3.106270399866757543e+03
1.088299299328212300e+01 3.065608034010925621e+03
1.097617498976785555e+01 3.026319228984721576e+03
1.107015482600910516e+01 2.988236454524127566e+03
1.116493933324258947e+01 2.950019368453967672e+03
1.126053540119518281e+01 2.913903999891717831e+03
1.135694997858481692e+01 2.878160847524706696e+03
1.145419007362543340e+01 2.842601278801856552e+03
1.155226275453647489e+01 2.808944045025847117e+03
1.165117515005671045e+01 2.775135214220082617e+03
1.175093444996229941e+01 2.742310309590369798e+03
1.185154790558947546e+01 2.710443950525658693e+03
1.195302283036160063e+01 2.678409930128295400e+03
1.205536660032085550e+01 2.647911078857103348e+03
1.215858665466422117e+01 2.617410304702596022e+03
1.226269049628442254e+01 2.587272931241732294e+03
1.236768569231512416e+01 2.557943835950291486e+03
1.247357987468107154e+01 2.528434528432027037e+03
1.258038074065282608e+01 2.500132693965950239e+03
1.268809605340622149e+01 2.471925828380383336e+03
1.279673364258678703e+01 2.444216056046677295e+03
1.290630140487866306e+01 2.417514397106055640e+03
1.301680730457882795e+01 2.390632620290406521e+03
1.312825937417580668e+01 2.364979014039987760e+03
1.324066571493366595e+01 2.339251951700306563e+03
1.335403449748080185e+01 2.314284426277010425e+03
1.346837396240398554e+01 2.289988936878263758e+03
1.358369242084716788e+01 2.265808652237223214e+03
1.369999825511570890e+01 2.242981336524132530e+03
1.381729991928573753e+01 2.219967770106632543e+03
1.393560593981850282e+01 2.198294031705376710e+03
1.405492491618027273e+01 2.176726503170340038e+03
1.417526552146733820e+01 2.155841332151348979e+03
1.429663650303656652e+01 2.135485595627218572e+03
1.441904668314104576e+01 2.115505004857731365e+03
1.454250495957156808e+01 2.096717942066876276e+03
1.466702030630321119e+01 2.077871766480429869e+03
1.479260177414774091e+01 2.060778578623296653e+03
1.491925849141149030e+01 2.043475636119875389e+03
1.504699966455882709e+01 2.028262629844309686e+03
1.517583457888150100e+01 2.013146113350157975e+03
1.530577259917334310e+01 2.008004711696927188e+03
1.543682317041123397e+01 2.006445132091505002e+03
1.556899581844142766e+01 1.958207703664736528e+03
1.570230015067208562e+01 1.881063323969460043e+03
1.583674585677156621e+01 1.837121214944393842e+03
1.597234270937287270e+01 1.822189863535939821e+03
1.610910056478382657e+01 1.807991704999498097e+03
1.624702936370359652e+01 1.794631809648494254e+03
1.638613913194535954e+01 1.782675394868486592e+03
1.652643998116488788e+01 1.772441737782696919e+03
1.666794210959566058e+01 1.743588673575530720e+03
1.681065580279008742e+01 1.693540908332673098e+03
1.695459143436730187e+01 1.663963553294807753e+03
1.709975946676697944e+01 1.654430711693141347e+03
1.724617045200994880e+01 1.646993750127730664e+03
1.739383503246530438e+01 1.641111312464238608e+03
1.754276394162375752e+01 1.609834501639151540e+03
1.769296800487800070e+01 1.565471181402472666e+03
1.784445814030949862e+01 1.552143897168353078e+03
1.799724535948224968e+01 1.547360090579908046e+03
1.815134076824296017e+01 1.554981993650757886e+03
1.830675556752857958e+01 1.557943093693815854e+03
1.846350105418024157e+01 1.508633815139960006e+03
1.862158862176454122e+01 1.463484936130805409e+03
1.878102976140165481e+01 1.428709598897414025e+03
1.894183606260074981e+01 1.412505430558469925e+03
1.910401921410219472e+01 1.414237100949488649e+03
1.926759100472727937e+01 1.390268465345875711e+03
1.943256332423527510e+01 1.358390051202073664e+03
1.959894816418742991e+01 1.371226474646955012e+03
1.976675761881877591e+01 1.369510446986702618e+03
1.993600388591713823e+01 1.333894605396732459e+03
2.010669926770997762e+01 1.303168305404278954e+03
2.027885617175833843e+01 1.275401058833183924e+03
2.045248711185886847e+01 1.250881295004044432e+03
2.062760470895354104e+01 1.227012778291209315e+03
2.080422169204681992e+01 1.204788342685851376e+03
2.098235089913106322e+01 1.183692764776563536e+03
2.116200527811960796e+01 1.164704159493897123e+03
2.134319788778810789e+01 1.188872416210598885e+03
2.152594189872345964e+01 1.175932455668360490e+03
2.171025059428148296e+01 1.115143123408871361e+03
2.189613737155217521e+01 1.093311051347059447e+03
2.208361574233368430e+01 1.078197739952760912e+03
2.227269933411442437e+01 1.064309698529701109e+03
2.246340189106359020e+01 1.051921503958926905e+03
2.265573727503037205e+01 1.040663234623586277e+03
2.284971946655123176e+01 1.032399842148983680e+03
2.304536256586651177e+01 1.003750895573471098e+03
2.324268079394499864e+01 9.697516085712695713e+02
2.344168849351783734e+01 9.581053105027442598e+02
2.364240013012097563e+01 9.411741156964963011e+02
2.384483029314682057e+01 9.188238615774118898e+02
2.404899369690444644e+01 9.019164471378011285e+02
2.425490518168929555e+01 9.047270160114871942e+02
2.446257971486202720e+01 8.826851284009272831e+02
2.467203239193618458e+01 8.790226879267787581e+02
2.488327843767566350e+01 8.558519155063123662e+02
2.509633320720126548e+01 8.124018568148294435e+02
2.531121218710704568e+01 7.971618369639975299e+02
2.552793099658570242e+01 7.838175991704059697e+02
2.574650538856405291e+01 7.893404516581683765e+02
2.596695125084826472e+01 7.321636420645735370e+02
2.618928460727837049e+01 7.317672899521188583e+02
2.641352161889325245e+01 7.141994656904255407e+02
2.663967858510523357e+01 6.773181978737222835e+02
2.686777194488508513e+01 6.710251792466065126e+02
2.709781827795656639e+01 6.715718441911413947e+02
2.732983430600199881e+01 6.253316350285518865e+02
2.756383689387737235e+01 6.065832233100560416e+02
2.779984305083842600e+01 5.859005778811272194e+02
2.803786993177692821e+01 5.871927674097302088e+02
2.827793483846785350e+01 5.591164725412378402e+02
2.852005522082668421e+01 5.362240939864748270e+02
2.876424867817796738e+01 5.245514010482542062e+02
2.901053296053478192e+01 5.033100083591977523e+02
2.925892596988859395e+01 5.034963405086320449e+02
2.950944576151075438e+01 4.861335703755336226e+02
2.976211054526479671e+01 4.541926381801802677e+02
3.001693868693030609e+01 4.503150194729727787e+02
3.027394870953756367e+01 4.415323301808604697e+02
3.053315929471408907e+01 4.234432228941298604e+02
3.079458928404281792e+01 4.023987765959826106e+02
3.105825768043125379e+01 3.997016014482312016e+02
3.132418364949301548e+01 3.976045480671596692e+02
3.159238652094084188e+01 3.782526371307312161e+02
3.186288578999186782e+01 3.788922736290862190e+02
3.213570111878426161e+01 3.695002740312853007e+02
3.241085233780696484e+01 3.544088599987533712e+02
3.268835944734065890e+01 3.520778587410620730e+02
3.296824261891181607e+01 3.451428788442908626e+02
3.325052219675887955e+01 3.398963145032350894e+02
3.353521869931098109e+01 3.424440561350226631e+02
3.382235282067965443e+01 3.413245555029688489e+02
3.411194543216259234e+01 3.292285554594512291e+02
3.440401758376127361e+01 3.289629863953715585e+02
3.469859050571059100e+01 3.302912684188506205e+02
3.499568561002232769e+01 3.316875881844096625e+02
3.529532449204137379e+01 3.334411979634178920e+02
3.559752893201577706e+01 3.352917002018249946e+02
3.590232089667949111e+01 3.259803456137441913e+02
3.620972254084928466e+01 3.165562103777829748e+02
3.651975620903537134e+01 3.178648066549605460e+02
3.683244443706518467e+01 3.191456200440042039e+02
3.714780995372169059e+01 3.207686671464807660e+02
3.746587568239543486e+01 3.224913773543026991e+02
3.778666474275106424e+01 3.242131117496737147e+02
3.811020045240734078e+01 3.263951958425691942e+02
3.843650632863264605e+01 3.285867403623423684e+02
3.876560609005391456e+01 3.307875381784376714e+02
3.909752365838098598e+01 3.322335466589162820e+02
3.943228316014534585e+01 3.316216628360951972e+02
3.976990892845378056e+01 3.310048432869817248e+02
4.011042550475743695e+01 3.303830503438942969e+02
4.045385764063510692e+01 3.346280353886659213e+02
4.080023029959307479e+01 3.401744070258079660e+02
4.114956865887903348e+01 3.457946076272920095e+02
4.150189811131257045e+01 3.438919049291131955e+02
4.185724426713071722e+01 3.400834411170008593e+02
4.221563295584988396e+01 3.362561494436999396e+02
4.257709022814283628e+01 3.341898370845551653e+02
4.294164235773251193e+01 3.334943919280726732e+02
4.330931584330213724e+01 3.327928499548780223e+02
4.368013741042078379e+01 3.321381561674660929e+02
4.405413401348637592e+01 3.320314736175200778e+02
4.443133283768480624e+01 3.319235360353549140e+02
4.481176130096629606e+01 3.318143270030297458e+02
4.519544705603787094e+01 3.321563597214657761e+02
4.558241799237362812e+01 3.333940287003009644e+02
4.597270223824224900e+01 3.346447782799915558e+02
4.636632816275105284e+01 3.359087652511543638e+02
4.676332437790848218e+01 3.368808712733201105e+02
4.716371974070364814e+01 3.371741807767368755e+02
4.756754335520429322e+01 3.374701110976837413e+02
4.797482457467164352e+01 3.377686863923455576e+02
4.838559300369480809e+01 3.391508820021962265e+02
4.879987850034206076e+01 3.411593162166034290e+02
4.921771117833147002e+01 3.431903779631491034e+02
4.963912140921970462e+01 3.452443560216656238e+02
5.006413982461003087e+01 3.460856509672611310e+02
5.049279731837830809e+01 3.468086615850621115e+02
5.092512504891890046e+01 3.475387353875194663e+02
5.136115444140983044e+01 3.483020613031713424e+02
5.180091719009642048e+01 3.491024682224674507e+02
5.224444526059549077e+01 3.499107275595937381e+02
5.269177089221868471e+01 3.507269240850804408e+02
5.314292660031632209e+01 3.457268979604663741e+02
5.359794517864023078e+01 3.392991137889481479e+02
5.405685970172779520e+01 3.328536132508066316e+02
5.451970352730643299e+01 3.321473670929029822e+02
5.498651029871762574e+01 3.339115477924344759e+02
5.545731394736286290e+01 3.356948525995685486e+02
5.593214869516983612e+01 3.364598324013815613e+02
5.641104905708039041e+01 3.368782717576352184e+02
5.689404984355859796e+01 3.373006029525018334e+02
5.738118616312198128e+01 3.377273758960914734e+02
5.787249342489269566e+01 3.381583322805562943e+02
5.836800734117176859e+01 3.385933012973498535e+02
5.886776393003492558e+01 3.390449237658818333e+02
5.937179951795051380e+01 3.395022615313266101e+02
5.988015074242051128e+01 3.401952597729346621e+02
6.039285455464278130e+01 3.428321739558087984e+02
6.090994822219801108e+01 3.454996702268380204e+02
6.143146933175772517e+01 3.472096688536125839e+02
6.195745579181689777e+01 3.482145357609671237e+02
6.248794583544923142e+01 3.492381960385522461e+02
6.302297802308675045e+01 3.505489278689548769e+02
6.356259124532191862e+01 3.518730420519455038e+02
6.410682472573492419e+01 3.478904170950495995e+02
6.465571802374516608e+01 3.391688568682747018e+02
6.520931103748597479e+01 3.315466427126317512e+02
6.576764400670528232e+01 3.319092425143834930e+02
6.633075751569028000e+01 3.322751773000773596e+02
6.689869249621800407e+01 3.326372132114238980e+02
6.747149023052962491e+01 3.330008179972891753e+02
6.804919235433226277e+01 3.333617333667624507e+02
6.863184085982450711e+01 3.337207028856744273e+02
6.921947809874924928e+01 3.345798661754665204e+02
6.981214678547205210e+01 3.365325771749394903e+02
7.040989000008582366e+01 3.381891828485710221e+02
7.101275119154288973e+01 3.386189591224269861e+02
7.162077418081207725e+01 3.390454244560475559e+02
7.223400316406525690e+01 3.394451570361966901e+02
7.285248271588883995e+01 3.398485693315108733e+02
7.347625779252440736e+01 3.402434223478350077e+02
7.410537373513621162e+01 3.406385334038500332e+02
7.473987627310751236e+01 3.410372750222261971e+02
7.537981152736374213e+01 3.414337443226631308e+02
7.602522601372537281e+01 3.418172639344131198e+02
7.667616664628950218e+01 3.422042957649942423e+02
7.733268074083908061e+01 3.425948739097091789e+02
7.799481601828281896e+01 3.429890327623363078e+02
7.866262060812364609e+01 3.433830126193270758e+02
7.933614305195774818e+01 3.437624671132640515e+02
8.001543230700205811e+01 3.441453874790750547e+02
8.070053774965336402e+01 3.445318072306299086e+02
8.139150917907787175e+01 3.449217602212283964e+02
8.208839682082999900e+01 3.453152804762349888e+02
8.279125133050392549e+01 3.457124025903323741e+02
8.350012379741525592e+01 3.461131614475770562e+02
8.421506574831533953e+01 3.465540792268479890e+02
8.493612915113544659e+01 3.470018300390439094e+02
8.566336641876561941e+01 3.474536944755481613e+02
8.639683041286328091e+01 3.479097127608603159e+02
8.713657444769630445e+01 3.483699253280607309e+02
8.788265229401800127e+01 3.488343731944763135e+02
8.863511818297639877e+01 3.493030976533855210e+02
8.939402681005508100e+01 3.497761405257304546e+02
9.015943333904944268e+01 3.502535441008725456e+02
9.093139340607704924e+01 3.507353511395797909e+02
9.170996312362058234e+01 3.497116606551088580e+02
9.249519908460733575e+01 3.483884106416423379e+02
9.328715836652244775e+01 3.470552611718321145e+02
9.408589853555859861e+01 3.457121548065483125e+02
9.489147765079916041e+01 3.443590336426439080e+02
9.570395426843906250e+01 3.429958406765977657e+02
9.652338744604170984e+01 3.416225184795665655e+02
9.734983674683056165e+01 3.402390095549667990e+02
9.818336224401956258e+01 3.388452568613534481e+02
9.902402452517925724e+01 3.374412033307289107e+02
9.987188469664167201e+01 3.360267920576704910e+02
1.007270043879405961e+02 3.346019663212172190e+02
1.015894457562929745e+02 3.331666694408970670e+02
1.024592714911155440e+02 3.320372176676720528e+02
1.033365448185824533e+02 3.325171357038909719e+02
1.042213295062209539e+02 3.330014732276279688e+02
1.051136898675459292e+02 3.334902734284485177e+02
1.060136907667370707e+02 3.339835799306806621e+02
1.069213976233489234e+02 3.344814368511723046e+02
1.078368764170721903e+02 3.349838888573104327e+02
1.087601936925248793e+02 3.354909810055523849e+02
1.096914165640915968e+02 3.360027588542156991e+02
1.106306127208013947e+02 3.365192684117221233e+02
1.115778504312476542e+02 3.370405563048613544e+02
1.125331985485521500e+02 3.375666695621648614e+02
1.134967265153672002e+02 3.380976557823049120e+02
1.144685043689250818e+02 3.386335630274018627e+02
1.154486027461285289e+02 3.391744398263300582e+02
1.164370928886851999e+02 3.397203354542945135e+02
1.174340466482860421e+02 3.402712994396561044e+02
1.184395364918277522e+02 3.408273821198414453e+02
1.194536355066820335e+02 3.413616023650686202e+02
1.204764174060053676e+02 3.416986375033379773e+02
1.215079565340990655e+02 3.419001411129198118e+02
1.225483278718127167e+02 3.420991498208689450e+02
1.235976070419943653e+02 3.422896167555142029e+02
1.246558703149874958e+02 3.424745045094742295e+02
1.257231946141744743e+02 3.427426650879584145e+02
1.267996575215699551e+02 3.443451581332315072e+02
1.278853372834572042e+02 3.459642124936405025e+02
1.289803128160776566e+02 3.476000171698057670e+02
1.300846637113668010e+02 3.487663731278161094e+02
1.311984702427394609e+02 3.490821967893143665e+02
1.323218133709247581e+02 3.494008710010105005e+02
1.334547747498506283e+02 3.497224226343289502e+02
1.345974367325810590e+02 3.500468789776407448e+02
1.357498823772990022e+02 3.503712304802310769e+02
1.369121954533460439e+02 3.505941864010194422e+02
1.380844604473107324e+02 3.508191302274083796e+02
1.392667625691698845e+02 3.510460804036333684e+02
1.404591877584822726e+02 3.512750554535242600e+02
1.416618226906348923e+02 3.515060741347884345e+02
1.428747547831456473e+02 3.517391554014482722e+02
1.440980722020138671e+02 3.519743183662000092e+02
1.453318638681316202e+02 3.522294491287672145e+02
1.465762194637462130e+02 3.525082108965067391e+02
1.478312294389788804e+02 3.527894751256726522e+02
1.490969850184021652e+02 3.530732652863815133e+02
1.503735782076643090e+02 3.533596050212270825e+02
1.516611018001854916e+02 3.536485182360509611e+02
1.529596493838962203e+02 3.539400290786841197e+02
1.542693153480429942e+02 3.542341619176513632e+02
1.555901948900486786e+02 3.545309414331987909e+02
1.569223840224318280e+02 3.548303924612640685e+02
1.582659795797885351e+02 3.551325401744373380e+02
1.596210792258244453e+02 3.537819448143660566e+02
1.609877814604625712e+02 3.523208649270022761e+02
1.623661856269960424e+02 3.508490500570879362e+02
1.637563919193125059e+02 3.493664418065117161e+02
1.651585013891762515e+02 3.478729822308259827e+02
1.665726159535729494e+02 3.463686135426011106e+02
1.679988384021205547e+02 3.448532782423786784e+02
1.694372724045367136e+02 3.433269188251576907e+02
1.708880225181771095e+02 3.417894782312116035e+02
1.723511941956349744e+02 3.402408995537886085e+02
1.738268937924061106e+02 3.386811262779936555e+02
1.753152285746198231e+02 3.371101020966245869e+02
1.768163067268351085e+02 3.355277711496579514e+02
1.783302373599073576e+02 3.339340776314509185e+02
1.798571305189150280e+02 3.337601085672626482e+02
1.813970971911616061e+02 3.340562100385039344e+02
1.829502493142423418e+02 3.343549809091815064e+02
1.845166997841808154e+02 3.346564463792761330e+02
1.860965624636350526e+02 3.349606318727260259e+02
1.876899521901734715e+02 3.352675630771923352e+02
1.892969847846250104e+02 3.355772659646731313e+02
1.909177770594936021e+02 3.358897667543355965e+02
1.925524468274520302e+02 3.362050919138512768e+02
1.942011129099047650e+02 3.365232682379587459e+02
1.958638951456248947e+02 3.368443227341447823e+02
1.975409143994650663e+02 3.371682827398788049e+02
1.992322925711420112e+02 3.374951758275575457e+02
2.009381526041006509e+02 3.378250298639136417e+02
2.026586184944455908e+02 3.381578730309200296e+02
2.043938152999576232e+02 3.384937337693303334e+02
2.061438691491830184e+02 3.388326408189219592e+02
2.079089072506007483e+02 3.391746232588790235e+02
2.096890579018734684e+02 3.394686067078632163e+02
2.114844504991636711e+02 3.396072876249795627e+02
2.132952155465513044e+02 3.397471909240571222e+02
2.151214846655107067e+02 3.398883276902835746e+02
2.169633906044818161e+02 3.400307090811512580e+02
2.188210672485189150e+02 3.401743463886086829e+02
2.206946496290214554e+02 3.403192510085085587e+02
2.225842739335538454e+02 3.404654344332118399e+02
2.244900775157346686e+02 3.406129082751473902e+02
2.264121989052334811e+02 3.407616842517052760e+02
2.283507778178301919e+02 3.409117741933418984e+02
2.303059551655754547e+02 3.410631900517017243e+02
2.322778730670322602e+02 3.412159438767683923e+02
2.342666748576054943e+02 3.413700478482272729e+02
2.362725050999654002e+02 3.415255142526304439e+02
2.382955095945451660e+02 3.416823555070409384e+02
2.403358353901522548e+02 3.418405841361962985e+02
2.423936307946466684e+02 3.420002127884245056e+02
2.444690453857259058e+02 3.421612542360694533e+02
2.465622300217966085e+02 3.423237213681668436e+02
2.486733368529392010e+02 3.424876272141668210e+02
2.508025193319713537e+02 3.426529848977998540e+02
2.529499322255963705e+02 3.428198077074141565e+02
2.551157316256567640e+02 3.429878037625277898e+02
2.573000749604794350e+02 3.431433238488580173e+02
2.595031210063186222e+02 3.433002191305750443e+02
2.617250298988975601e+02 3.434585021491721477e+02
2.639659631450468282e+02 3.436181855472283360e+02
2.662260836344487984e+02 3.437792821044540119e+02
2.685055556514710133e+02 3.439418047167464465e+02
2.708045448871123426e+02 3.441057663894879397e+02
2.731232184510453180e+02 3.442711802807768322e+02
2.754617448837635720e+02 3.444380596519643518e+02
2.778202941688322198e+02 3.446064179109137058e+02
2.801990377452429470e+02 3.447762685767907556e+02
2.825981485198800556e+02 3.449476253233754051e+02
2.850178008800818361e+02 3.451205019367083082e+02
2.874581707063210843e+02 3.452949123369997437e+02
2.899194353849886738e+02 3.454708705934323802e+02
2.924017738212869517e+02 3.456483908960878466e+02
2.949053664522347731e+02 3.458274875922108436e+02
2.974303952597811076e+02 3.460081751438335687e+02
2.999770437840386421e+02 3.461904681712273373e+02
3.025454971366173140e+02 3.463743814319973353e+02
3.051359420140844350e+02 3.465599298359570639e+02
3.077485667115347496e+02 3.467471284242144520e+02
3.103835611362753752e+02 3.469359923912297177e+02
3.130411168216365922e+02 3.471265370854155208e+02
3.157214269408800646e+02 3.473187779953986478e+02
3.184246863212578660e+02 3.475127307721375018e+02
3.211510914581603515e+02 3.477084112152032276e+02
3.239008405294054000e+02 3.479071596233844730e+02
3.266741334096422520e+02 3.481410567942089642e+02
3.294711716848789251e+02 3.483770502644938460e+02
3.322921586671416776e+02 3.486151596071625249e+02
3.351372994092387216e+02 3.488554045876180112e+02
3.380068007196839517e+02 3.490978051815497452e+02
3.409008711777148619e+02 3.493423815589824244e+02
3.438197211484604736e+02 3.495891540767610763e+02
3.467635627982306232e+02 3.498381433302346863e+02
3.497326101099375819e+02 3.500893700866064933e+02
3.527270788986547245e+02 3.503428553451252014e+02
3.557471868272958204e+02 3.505986203042676834e+02
3.587931534224423444e+02 3.508566863881688391e+02
3.618652000902985719e+02 3.511170752307450016e+02
3.649635501327857128e+02 3.513798086767462223e+02
3.680884287637732655e+02 3.516449088167769901e+02
3.712400631254475343e+02 3.519123979290300213e+02
3.744186823048288488e+02 3.521822985567708884e+02
3.776245173504139530e+02 3.524546334501004026e+02
3.808578012889769866e+02 3.527294255840706683e+02
3.841187691425059256e+02 3.530066981853740913e+02
3.874076579452861324e+02 3.532864747165801305e+02
3.907247067611300508e+02 3.535687788773622628e+02
3.940701567007524773e+02 3.538536345887118273e+02
3.974442509393032879e+02 3.541410660452947354e+02
4.008472347340334068e+02 3.544310976827101172e+02
4.042793554421290310e+02 3.547237541788029489e+02
4.077408625386893846e+02 3.550190604720510805e+02
4.112320076348613043e+02 3.553170417544131965e+02
4.147530444961279272e+02 3.556177234812599863e+02
4.183042290607530163e+02 3.559211313642499590e+02
4.218858194583914951e+02 3.562272913813121136e+02
4.254980760288422061e+02 3.565362297781123289e+02
4.291412613409783035e+02 3.564171729144571259e+02
4.328156402118314645e+02 3.560303415254460901e+02
4.365214797258405497e+02 3.556401775870929782e+02
4.402590492542661309e+02 3.552466524304904283e+02
4.440286204747683314e+02 3.548497371776885529e+02
4.478304673911621308e+02 3.544494026787667735e+02
4.516648663533232479e+02 3.540456195436825055e+02
4.555320960772828585e+02 3.536383581530710103e+02
4.594324376654851108e+02 3.532275886164068766e+02
4.633661746272181858e+02 3.528132808144213755e+02
4.673335928992316894e+02 3.523954043467484212e+02
4.713349808664996203e+02 3.519739285849048542e+02
4.753706293832096321e+02 3.515488226410291190e+02
4.794408317938838877e+02 3.511200553576895231e+02
4.835458839547105185e+02 3.506875953187768573e+02
4.876860842550481721e+02 3.502514108604174794e+02
4.918617336391122876e+02 3.498114700502916889e+02
4.960731356278611202e+02 3.493677406669652896e+02
5.003205963410356958e+02 3.489201902529928816e+02
5.046044245194393056e+02 3.484687860626737006e+02
5.089249315473570618e+02 3.480134950941150578e+02
5.132824314752004966e+02 3.475542840475586672e+02
5.176772410423328665e+02 3.470911193890980257e+02
5.221096797000903962e+02 3.466239672563414160e+02
5.265800696350111139e+02 3.461527935537921508e+02
5.310887357922415504e+02 3.456775638690832579e+02
5.356360058991646156e+02 3.451982435367867197e+02
5.402222104892197194e+02 3.447147975863040301e+02
5.448476829259284386e+02 3.442271907741025530e+02
5.495127594271266389e+02 3.437353875527305718e+02
5.542177790894003238e+02 3.432393520925550092e+02
5.589630839127441959e+02 3.430464635770030668e+02
5.637490188254067789e+02 3.434696834995560266e+02
5.685759317089721208e+02 3.438968360868604464e+02
5.734441734236440880e+02 3.443279604074118652e+02
5.783540978337497336e+02 3.447630959679155467e+02
5.833060618334620813e+02 3.452022827075407463e+02
5.883004253727382320e+02 3.456455610099419005e+02
5.933375514834943942e+02 3.460929716887011978e+02
5.984178063059791839e+02 3.465445560261022706e+02
6.035415591153969217e+02 3.470003557587157275e+02
6.087091823487482998e+02 3.474604130807705360e+02
6.139210516319011504e+02 3.479247706653972614e+02
6.191775458068944999e+02 3.483934716503287063e+02
6.244790469594736351e+02 3.488665596592821885e+02
6.298259404468727780e+02 3.493333094200442019e+02
6.352186149258117212e+02 3.498032479204774745e+02
6.406574623807561011e+02 3.502775801743068769e+02
6.461428781524076612e+02 3.507563502747534017e+02
6.516752609664408737e+02 3.512396028082029034e+02
6.572550129624863757e+02 3.517273828666725421e+02
6.628825397233578087e+02 3.522197360341233434e+02
6.685582503045447993e+02 3.527167084252960763e+02
6.742825572639301299e+02 3.532183466546527484e+02
6.800558766917881712e+02 3.537246978578390895e+02
6.858786282410277408e+02 3.542358097133042634e+02
6.917512351576925766e+02 3.547517304464845438e+02
6.976741243117411386e+02 3.552725087900773815e+02
7.036477262280432114e+02 3.557981940674033012e+02
7.096724751177143844e+02 3.563288361440688732e+02
7.157488089096465274e+02 3.568644854499810890e+02
7.218771692823542026e+02 3.574051929926890239e+02
7.280580016960773264e+02 3.576602606260822768e+02
7.342917554251570209e+02 3.570948173068536562e+02
7.405788835907085286e+02 3.565244264599506891e+02
7.469198431935237750e+02 3.559490447436696172e+02
7.533150951473334089e+02 3.553686284427828355e+02
7.597651043122752981e+02 3.547831334600836612e+02
7.662703395287006742e+02 3.541925153533543380e+02
7.728312736512494894e+02 3.535967292815963106e+02
7.794483835832189698e+02 3.529957300602475812e+02
7.861221503112409437e+02 3.523894720983930142e+02
7.928530589402251962e+02 3.517779094359030410e+02
7.996415987286341078e+02 3.511609957261274531e+02
8.064882631240419641e+02 3.505386842458899537e+02
8.133935497990033809e+02 3.499109278782624415e+02
8.203579606872282284e+02 3.492776791226519322e+02
8.273820020200629415e+02 3.486388900867603979e+02
8.344661843633009539e+02 3.479945124694903029e+02
8.416110226542749615e+02 3.473444975984791654e+02
8.488170362393001369e+02 3.466887963949286586e+02
8.560847489114212294e+02 3.460904309298890098e+02
8.634146889484859457e+02 3.465799965620948342e+02
8.708073891515450669e+02 3.470741779721928424e+02
8.782633868835770272e+02 3.475730221045493522e+02
8.857832241085619671e+02 3.480765764641050737e+02
8.933674474308553499e+02 3.485848890872608195e+02
9.010166081349333354e+02 3.490980085596321487e+02
9.087312622254618191e+02 3.496159840205066871e+02
9.165119704677108530e+02 3.501388651740969067e+02
9.243592984283162650e+02 3.506667022807083072e+02
9.322738165163852955e+02 3.511995462017844716e+02
9.402561000249747849e+02 3.517374483643579879e+02
9.483067291728847295e+02 3.522804607995692550e+02
9.564262891468488306e+02 3.528286361206600645e+02
9.646153701440669010e+02 3.533820275752684097e+02
9.728745674151016374e+02 3.539406890100839291e+02
9.812044813071656790e+02 3.545046748963250707e+02
9.896057173077166453e+02 3.544283541139752742e+02
9.980788860885245413e+02 3.539406476249914135e+02
1.006624603550016559e+03 3.534484093518875056e+02
1.015243490866065486e+03 3.529515954171810677e+02
1.023936174529138952e+03 3.524501615036114117e+02
1.032703286395832265e+03 3.519440628469980652e+02
1.041545463732819144e+03 3.514332542579797973e+02
1.050463349263127384e+03 3.509176900802592627e+02
1.059457591212915531e+03 3.503973242297197999e+02
1.068528843358545373e+03 3.498721101410583287e+02
1.077677765074125091e+03 3.493420008127636152e+02
1.086905021379433492e+03 3.488069487652919065e+02
1.096211282988255107e+03 3.482669060571573141e+02
1.105597226357155023e+03 3.477218242720639410e+02
1.115063533734600924e+03 3.474731215912031530e+02
1.124610893210616723e+03 3.481467206201460272e+02
1.134239998766749750e+03 3.488268811228965092e+02
1.143951550326537244e+03 3.495136733032213101e+02
1.153746253806377126e+03 3.502071682388261138e+02
1.163624821166838274e+03 3.509074378542445629e+02
1.173587970464426689e+03 3.516145549504177552e+02
1.183636425903754798e+03 3.523285932203350512e+02
1.193770917890199144e+03 3.530496272648626359e+02
1.203992183082989413e+03 3.537777325873797736e+02
1.214300964448753803e+03 3.545129856169910454e+02
1.224698011315523900e+03 3.552554637391390884e+02
1.235184079427198412e+03 3.560052452692782481e+02
1.245759930998495520e+03 3.571030414072139365e+02
1.256426334770328140e+03 3.585720438716049330e+02
1.267184066065700563e+03 3.600568012438398569e+02
1.278033906846062791e+03 3.615575051981923593e+02
1.288976645768148956e+03 3.630743501260029689e+02
1.300013078241302310e+03 3.646075330591020247e+02
1.311144006485288855e+03 3.661572538710846629e+02
1.322370239588628692e+03 3.677237151740551440e+02
1.333692593567377799e+03 3.693071224660974394e+02
1.345111891424461646e+03 3.709076841124554562e+02
1.356628963209493804e+03 3.725256114531384810e+02
1.368244646079110908e+03 3.740432365275622715e+02
1.379959784357823992e+03 3.725172883064342955e+02
1.391775229599385511e+03 3.709783539703765882e+02
1.403691840648709558e+03 3.694263347824852417e+02
1.415710483704266153e+03 3.678611316887766520e+02
1.427832032381066256e+03 3.662826453686763557e+02
1.440057367774159047e+03 3.646907762082062732e+02
1.452387378522668314e+03 3.630854243391780187e+02
1.464822960874419323e+03 3.614664896272174701e+02
1.477365018751017260e+03 3.598338717518589078e+02
1.490014463813637576e+03 3.581874701834701682e+02
1.502772215529225150e+03 3.584901092766716602e+02
1.515639201237360794e+03 3.598713012324757869e+02
1.528616356217660723e+03 3.612673180171146896e+02
1.541704623757754007e+03 3.626783405186247933e+02
1.554904955221881892e+03 3.641045521444931978e+02
1.568218310119978469e+03 3.655461389193487207e+02
1.581645656177507362e+03 3.670032894645583497e+02
1.595187969405732929e+03 3.684761950538775750e+02
1.608846234172695631e+03 3.699650496917786882e+02
1.622621443274760168e+03 3.710679490068802693e+02
1.636514598008771600e+03 3.697531590618553992e+02
1.650526708244865404e+03 3.684262944620682561e+02
1.664658792499832543e+03 3.670872487408163920e+02
1.678911878011181898e+03 3.657359147995526882e+02
1.693287000811799771e+03 3.643721848756915165e+02
1.707785205805258784e+03 3.629959505773900332e+02
1.722407546841769999e+03 3.616071028906090987e+02
1.737155086794777844e+03 3.602055321678539030e+02
1.752028897638247599e+03 3.599280029374119181e+02
1.767030060524542250e+03 3.614497969720167134e+02
1.782159665863038981e+03 3.629882823038072956e+02
1.797418813399380724e+03 3.645436680755753400e+02
1.812808612295415969e+03 3.661161664740389483e+02
1.828330181209821149e+03 3.677059927299793003e+02
1.843984648379407417e+03 3.693133652006943066e+02
1.859773151701158895e+03 3.709385053919345410e+02
1.875696838814901866e+03 3.717526583246113319e+02
1.891756867186751379e+03 3.702460551886578628e+02
1.907954404193241089e+03 3.687255818243673957e+02
1.924290627206177078e+03 3.671911186286090469e+02
1.940766723678217204e+03 3.656425454142957392e+02
1.957383891229180108e+03 3.640797414443698017e+02
1.974143337733127737e+03 3.625025854103989786e+02
1.991046281406116805e+03 3.609109554874595460e+02
2.008093950894780619e+03 3.615357765864540056e+02
2.025287585365629184e+03 3.630724838933578553e+02
2.042628434595122599e+03 3.646262204131483600e+02
2.060117759060514800e+03 3.661972023766527968e+02
2.077756830031467416e+03 3.677856491493266731e+02
2.095546929662488765e+03 3.693917833470063670e+02
2.113489351086083843e+03 3.710158308084987766e+02
2.131585398506780166e+03 3.706396216021527152e+02
2.149836387295921668e+03 3.691695638915268773e+02
2.168243644087272060e+03 3.676852814446704087e+02
2.186808506873489932e+03 3.661866426415797378e+02
2.205532325103286439e+03 3.646735150979810669e+02
2.224416459779639354e+03 3.631457656645445127e+02
2.243462283558625131e+03 3.616663996512262429e+02
2.262671180849240045e+03 3.632846575842138463e+02
2.282044547914018040e+03 3.649211281281625929e+02
2.301583792970517607e+03 3.665760468157174046e+02
2.321290336293727250e+03 3.682496526889748907e+02
2.341165610319200368e+03 3.699421883664936672e+02
2.361211059747307900e+03 3.716539000857828796e+02
2.381428141648147630e+03 3.708651441525556720e+02
2.401818325567503507e+03 3.693303359199412625e+02
2.422383093633654880e+03 3.677801433518047816e+02
2.443123940665101145e+03 3.662144193979522697e+02
2.464042374279254091e+03 3.646330161957656060e+02
2.485139915001968347e+03 3.630357850308834600e+02
2.506418096378104110e+03 3.650146403571616815e+02
2.527878465082986168e+03 3.675413886414102649e+02
2.549522581034832001e+03 3.700995821624971995e+02
2.571352017508137578e+03 3.726896727322587708e+02
2.593368361248027213e+03 3.753121194990168306e+02
2.615573212585632518e+03 3.766925523050571769e+02
2.637968185554353113e+03 3.748645787988102711e+02
2.660554908007224185e+03 3.730181950507976580e+02
2.683335021735227656e+03 3.711532317433627099e+02
2.706310182586633346e+03 3.692695189648900396e+02
2.729482060587359229e+03 3.673668862623473501e+02
2.752852340062352596e+03 3.694995304331546322e+02
2.776422719758064886e+03 3.717547089794519479e+02
2.800194912965861931e+03 3.740374054505587083e+02
2.824170647646608359e+03 3.763480084318165382e+02
2.848351666556255623e+03 3.786869127990760830e+02
2.872739727372523248e+03 3.770354022667764866e+02
2.897336602822658733e+03 3.750461119427180279e+02
2.922144080812282027e+03 3.730364513332213505e+02
2.947163964555397342e+03 3.710062347191289973e+02
2.972398072705389040e+03 3.693992277474981734e+02
2.997848239487266710e+03 3.715365653136821038e+02
3.023516314830979354e+03 3.736997435968495438e+02
3.049404164505884637e+03 3.758891242982537619e+02
3.075513670256367732e+03 3.781050748917223245e+02
3.101846729938609315e+03 3.810313159503919564e+02
3.128405257658588198e+03 3.846642967393220260e+02
3.155191183911140342e+03 3.883475171547120794e+02
3.182206455720329814e+03 3.920817720967571631e+02
3.209453036780967068e+03 3.950853142827324405e+02
3.236932907601329589e+03 3.916287568246268620e+02
3.264648065647190379e+03 3.881392764893420804e+02
3.292600525486862352e+03 3.846166883649503347e+02
3.320792318937820710e+03 3.810608126545020014e+02
3.349225495214247985e+03 3.841313080528599926e+02
3.377902121076051571e+03 3.880460231000215003e+02
3.406824280979081777e+03 3.920163894876922086e+02
3.435994077226631362e+03 3.960433090348482779e+02
3.465413630122321138e+03 3.935723669393725004e+02
3.495085078124065149e+03 3.898396341459809378e+02
3.525010577999708858e+03 3.860722425285150052e+02
3.555192304983645954e+03 3.822700289405057106e+02
3.585632452935003130e+03 3.849390673469960689e+02
3.616333234497094054e+03 3.879627834014010546e+02
3.647296881258237136e+03 3.910266913216057105e+02
3.678525643914027114e+03 3.928170052246375121e+02
3.710021792430842652e+03 3.899463620190779238e+02
3.741787616210907800e+03 3.870444033572125022e+02
3.773825424258689509e+03 3.841108731577924686e+02
3.806137545348734420e+03 3.860761869379038558e+02
3.838726328194945381e+03 3.910401844389205053e+02
3.871594141621286781e+03 3.960815152395213659e+02
3.904743374734037388e+03 3.997962323891599681e+02
3.938176437095352867e+03 3.963553336274685535e+02
3.971895758898475833e+03 3.928775258634281045e+02
4.005903791144369734e+03 3.893625555627399990e+02
4.040203005819874761e+03 3.937526512035271367e+02
4.074795896077393536e+03 3.999092353393257326e+02
4.109684976416098834e+03 4.061700557440858574e+02
4.144872782864771580e+03 4.057367082394476370e+02
4.180361873166044461e+03 4.008313382542399950e+02
4.216154826962386323e+03 3.958802894363119549e+02
4.252254245983589499e+03 3.964313012859960850e+02
4.288662754235894681e+03 4.029392648754818538e+02
4.325382998192716514e+03 4.095603357199574361e+02
4.362417646986999898e+03 4.104857226242862112e+02
4.399769392605302528e+03 4.051036557379964052e+02
4.437440950083365351e+03 3.996717709954407951e+02
4.475435057703534767e+03 4.008850826077465399e+02
4.513754477193787352e+03 4.073404942858277309e+02
4.552401993928454431e+03 4.139083132404917365e+02
4.591380417130780188e+03 4.086242851445631459e+02
4.630692580076914055e+03 4.005214403023442173e+02
4.670341340302119534e+03 4.084907315554600018e+02
4.710329579808277231e+03 4.160335095446151854e+02
4.750660205273467000e+03 4.215237740184101085e+02
4.791336148263226278e+03 4.253940019935205896e+02
4.832360365443630144e+03 4.256310449000661151e+02
4.873735838796294956e+03 4.183656824733270696e+02
4.915465575834922674e+03 4.110346781134600178e+02
4.957552609824187130e+03 4.122048739196960696e+02
4.999999999999999091e+03 4.153932881579323180e+02
